yyyy/mmdd(or -ddd)/hh.h):2008/ 101/18.0LT  geog Lat/Long/Alt=-25.0/ 125.0/ 300.0

NeQuick is used for topside Ne profile
URSI maps are used for the F2 peak density (NmF2)
foF2 STORM model is turned on 
Shubin2015model is used for F2 peak height (hmF2)
ABT-2009 option is used for the bottomside thickness parameter B0
Scotto-97 no L   option is used for the F1 occurrence probability
foE auroral storm model is turned off
IRI-1990   option is used for D-region
TBT-2012 with solar dependence is used for the electron temperature
RBV10+TBT15 option is used for ion composition
CGM coordinates not computed
auroral boundaries not computed

Peak Densities/cm-3: NmF2= 464845.1   NmF1=      0.0   NmE=  51374.9
Peak Heights/km:     hmF2=   268.57   hmF1=     0.00   hmE=   110.00

Solar Zenith Angle/degree                              79.7
Dip (Magnetic Inclination)/degree                     -57.93
Modip (Modified Dip)/degree                           -46.73
Solar Sunspot Number (12-months running mean) Rz12      4.5           
Ionospheric-Effective Solar Index IG12                 -5.5           
Solar radio flux F10.7 (daily)                         76.7           
Solar radio flux F10.7 (81-day average)                72.9           

TEC [1.E16 m-2] is obtained by numerical integration in 1km steps
  from 50 to 2000.0 km. t is the percentage of TEC above the F peak.

-
   H   ELECTRON DENSITY   TEMPERATURES      ION PERCENTAGES[%]*10    1E16m-2
   km  Ne/cm-3 Ne/NmF2 Tn/K  Ti/K  Te/K  O+  N+  H+ He+ O2+ NO+ Clust TEC t/%
   0.0      -1 -1.000    -1    -1    -1  -1  -1  -1  -1  -1  -1  -1  11.8  73
   5.0      -1 -1.000    -1    -1    -1  -1  -1  -1  -1  -1  -1  -1  11.8  73
  10.0      -1 -1.000    -1    -1    -1  -1  -1  -1  -1  -1  -1  -1  11.8  73
  15.0      -1 -1.000    -1    -1    -1  -1  -1  -1  -1  -1  -1  -1  11.8  73
  20.0      -1 -1.000    -1    -1    -1  -1  -1  -1  -1  -1  -1  -1  11.8  73
  25.0      -1 -1.000    -1    -1    -1  -1  -1  -1  -1  -1  -1  -1  11.8  73
  30.0      -1 -1.000    -1    -1    -1  -1  -1  -1  -1  -1  -1  -1  11.8  73
  35.0      -1 -1.000    -1    -1    -1  -1  -1  -1  -1  -1  -1  -1  11.8  73
  40.0      -1 -1.000    -1    -1    -1  -1  -1  -1  -1  -1  -1  -1  11.8  73
  45.0      -1 -1.000    -1    -1    -1  -1  -1  -1  -1  -1  -1  -1  11.8  73
  50.0      -1 -1.000    -1    -1    -1  -1  -1  -1  -1  -1  -1  -1  11.8  73
  55.0      -1 -1.000    -1    -1    -1  -1  -1  -1  -1  -1  -1  -1  11.8  73
  60.0      -1 -1.000   244   244   244  -1  -1  -1  -1  -1  -1  -1  11.8  73
  65.0      21  0.000   225   225   225  -1  -1  -1  -1  -1  -1  -1  11.8  73
  70.0     103  0.000   209   209   209  -1  -1  -1  -1  -1  -1  -1  11.8  73
  75.0     241  0.001   199   199   199  -1  -1  -1  -1  -1  -1  -1  11.8  73
  80.0     361  0.001   194   194   194   0   0   0   0   3 997  -1  11.8  73
  85.0     561  0.001   190   190   190   0   0   0   0   5 995  -1  11.8  73
  90.0    5333  0.011   183   183   183   0   0   0   0  46 954  -1  11.8  73
  95.0   22109  0.048   172   172   172   0   0   0   0 197 803  -1  11.8  73
 100.0   41668  0.090   172   172   172   0   0   0   0 339 661  -1  11.8  73
 105.0   50390  0.108   196   196   196   0   0   0   0 405 595  -1  11.8  73
 110.0   51375  0.111   246   246   246   0   0   0   0 387 612  -1  11.8  73
 115.0   47825  0.103   311   311   311   0   0   0   0 329 671  -1  11.8  73
 120.0   44135  0.095   380   380   380   1   0   0   0 276 723  -1  11.8  73
 125.0   45267  0.097   430   430   454   1   0   0   0 257 741  -1  11.8  73
 130.0   50024  0.108   471   471   529   3   0   0   0 271 724  -1  11.8  73
 135.0   52834  0.114   508   508   604   4   0   0   0 290 703  -1  11.8  73
 140.0   55063  0.118   542   542   678   7   0   0   0 300 690  -1  11.8  73
 145.0   57487  0.124   573   573   753  12   1   0   0 298 686  -1  11.8  73
 150.0   60143  0.129   601   601   828  20   1   0   0 288 687  -1  11.8  73
 155.0   63078  0.136   627   627   902  31   1   0   0 275 687  -1  11.8  73
 160.0   66365  0.143   651   651   977  47   2   0   0 263 682  -1  11.8  73
 165.0   70104  0.151   673   673  1052  68   2   0   0 251 670  -1  11.8  73
 170.0   74464  0.160   693   693  1126  97   3   0   0 235 656  -1  11.8  73
 175.0   79744  0.172   711   711  1201 134   4   0   0 220 632  -1  11.8  73
 180.0   86606  0.186   728   728  1275 183   4   0   0 203 597  -1  11.8  73
 185.0   97424  0.210   744   744  1349 248   5   0   0 187 546  -1  11.8  73
 190.0  119531  0.257   758   758  1423 344   6   0   0 166 467  -1  11.8  73
 195.0  145132  0.312   771   771  1494 450   8   0   0 141 384  -1  11.8  73
 200.0  173220  0.373   783   783  1561 555   9   0   0 115 303  -1  11.8  73
 205.0  203323  0.437   794   794  1617 651   9   0   0  91 231  -1  11.8  73
 210.0  234822  0.505   804   804  1655 733   9   0   0  70 171  -1  11.8  73
 215.0  266973  0.574   813   813  1672 799  10   0   0  52 124  -1  11.8  73
 220.0  298951  0.643   822   822  1673 850  10   0   0  39  88  -1  11.8  73
 225.0  329891  0.710   830   830  1666 888  10   0   0  29  63  -1  11.8  73
 230.0  358946  0.772   837   837  1655 915   9   0   0  22  45  -1  11.8  73
 235.0  385339  0.829   844   844  1644 934   9   0   0  16  32  -1  11.8  73
 240.0  408416  0.879   850   850  1631 949   9   0   0  12  23  -1  11.8  73
 245.0  427687  0.920   855   858  1618 959   9   0   0   9  17  -1  11.8  73
 250.0  442862  0.953   860   866  1606 966   9   0   0   7  13  -1  11.8  73
 255.0  453867  0.976   865   875  1593 972   9   0   0   6  10  -1  11.8  73
 260.0  460861  0.991   869   883  1580 976   9   0   0   4   7  -1  11.8  73
 265.0  464248  0.999   873   891  1567 979  10   0   0   4   6  -1  11.8  73
 270.0  464769  1.000   877   900  1554 980  10   0   0   3   5  -1  11.8  73
 275.0  463340  0.997   880   908  1542 981  11   0   0   2   4  -1  11.8  73
 280.0  460212  0.990   883   916  1529 982  11   0   0   2   3  -1  11.8  73
 285.0  455541  0.980   886   925  1516 982  12   0   0   2   3  -1  11.8  73
 290.0  449490  0.967   889   933  1503 983  12   0   0   1   2  -1  11.8  73
 295.0  442226  0.951   891   941  1490 983  13   0   0   1   2  -1  11.8  73
 300.0  433916  0.933   894   949  1478 984  15   2   0   0   0  -1  11.8  73
 305.0  424721  0.914   896   958  1465 983  15   2   0   0   0  -1  11.8  73
 310.0  414794  0.892   897   966  1452 983  16   2   0   0   0  -1  11.8  73
 315.0  404282  0.870   899   974  1439 982  16   2   0   0   0  -1  11.8  73
 320.0  393318  0.846   901   983  1426 982  16   2   0   0   0  -1  11.8  73
 325.0  382024  0.822   902   991  1414 981  17   2   0   0   0  -1  11.8  73
 330.0  370509  0.797   904   999  1401 981  17   2   0   0   0  -1  11.8  73
 335.0  358872  0.772   905  1008  1389 980  18   2   0   0   0  -1  11.8  73
 340.0  347198  0.747   906  1016  1379 979  18   3   0   0   0  -1  11.8  73
 345.0  335562  0.722   907  1024  1371 979  18   3   0   0   0  -1  11.8  73
 350.0  324026  0.697   908  1033  1368 978  19   3   0   0   0  -1  11.8  73
 355.0  312646  0.673   909  1041  1371 977  19   3   0   0   0  -1  11.8  73
 360.0  301465  0.649   910  1049  1380 977  20   3   0   0   0  -1  11.8  73
 365.0  290520  0.625   910  1058  1391 976  20   4   0   0   0  -1  11.8  73
 370.0  279840  0.602   911  1066  1404 975  21   4   0   0   0  -1  11.8  73
 375.0  269448  0.580   912  1074  1417 974  21   4   0   0   0  -1  11.8  73
 380.0  259360  0.558   912  1083  1430 974  22   5   0   0   0  -1  11.8  73
 385.0  249590  0.537   913  1091  1443 973  22   5   0   0   0  -1  11.8  73
 390.0  240145  0.517   913  1099  1457 972  23   5   0   0   0  -1  11.8  73
 395.0  231029  0.497   914  1108  1470 971  23   6   0   0   0  -1  11.8  73
 400.0  222243  0.478   914  1116  1483 970  24   6   0   0   0  -1  11.8  73
 405.0  213787  0.460   915  1125  1497 969  24   6   0   0   0  -1  11.8  73
 410.0  205657  0.442   915  1134  1510 968  25   7   0   0   0  -1  11.8  73
 415.0  197847  0.426   915  1143  1524 967  25   7   0   0   0  -1  11.8  73
 420.0  190351  0.409   916  1153  1537 966  26   8   0   0   0  -1  11.8  73
 425.0  183163  0.394   916  1163  1550 965  27   8   0   0   0  -1  11.8  73
 430.0  176272  0.379   916  1174  1564 963  27   9   0   0   0  -1  11.8  73
 435.0  169671  0.365   917  1185  1577 962  28  10   0   0   0  -1  11.8  73
 440.0  163349  0.351   917  1197  1591 961  28  10   0   0   0  -1  11.8  73
 445.0  157298  0.338   917  1210  1604 959  29  11   1   0   0  -1  11.8  73
 450.0  151506  0.326   917  1223  1617 958  30  12   1   0   0  -1  11.8  73
 455.0  145964  0.314   917  1236  1631 956  30  13   1   0   0  -1  11.8  73
 460.0  140662  0.303   918  1250  1644 955  31  13   1   0   0  -1  11.8  73
 465.0  135590  0.292   918  1264  1657 953  32  14   1   0   0  -1  11.8  73
 470.0  130739  0.281   918  1277  1671 951  32  15   1   0   0  -1  11.8  73
 475.0  126098  0.271   918  1291  1684 949  33  16   1   0   0  -1  11.8  73
 480.0  121659  0.262   918  1305  1698 947  34  18   1   0   0  -1  11.8  73
 485.0  117413  0.253   918  1319  1711 945  35  19   1   0   0  -1  11.8  73
 490.0  113350  0.244   918  1333  1724 943  35  20   1   0   0  -1  11.8  73
 495.0  109464  0.235   918  1347  1738 941  36  21   1   0   0  -1  11.8  73
 500.0  105744  0.227   918  1361  1751 939  37  23   2   0   0  -1  11.8  73
 505.0  102184  0.220   919  1374  1765 936  38  24   2   0   0  -1  11.8  73
 510.0   98777  0.212   919  1388  1778 934  39  26   2   0   0  -1  11.8  73
 515.0   95515  0.205   919  1402  1791 931  39  28   2   0   0  -1  11.8  73
 520.0   92390  0.199   919  1416  1805 928  40  29   2   0   0  -1  11.8  73
 525.0   89398  0.192   919  1430  1818 925  41  31   2   0   0  -1  11.8  73
 530.0   86531  0.186   919  1444  1831 923  42  33   2   0   0  -1  11.8  73
 535.0   83784  0.180   919  1458  1845 920  43  35   3   0   0  -1  11.8  73
 540.0   81151  0.175   919  1472  1858 917  44  37   3   0   0  -1  11.8  73
 545.0   78626  0.169   919  1486  1871 913  44  39   3   0   0  -1  11.8  73
 550.0   76205  0.164   919  1500  1885 910  45  41   3   0   0  -1  11.8  73
 555.0   73882  0.159   919  1514  1898 907  46  43   3   0   0  -1  11.8  73
 560.0   71653  0.154   919  1527  1911 904  47  45   4   0   0  -1  11.8  73
 565.0   69514  0.150   919  1541  1924 901  48  48   4   0   0  -1  11.8  73
 570.0   67460  0.145   919  1555  1938 897  49  50   4   0   0  -1  11.8  73
 575.0   65487  0.141   919  1569  1951 894  50  52   4   0   0  -1  11.8  73
 580.0   63592  0.137   919  1583  1964 891  51  54   4   0   0  -1  11.8  73
 585.0   61771  0.133   919  1597  1977 887  51  57   5   0   0  -1  11.8  73
 590.0   60020  0.129   919  1611  1991 884  52  59   5   0   0  -1  11.8  73
 595.0   58337  0.125   919  1625  2004 880  53  61   5   0   0  -1  11.8  73
 600.0   56718  0.122   919  1639  2017 877  54  64   5   0   0  -1  11.8  73
 605.0   55161  0.119   919  1653  2030 873  55  66   5   0   0  -1  11.8  73
 610.0   53662  0.115   919  1666  2043 870  56  69   6   0   0  -1  11.8  73
 615.0   52218  0.112   919  1680  2057 866  57  71   6   0   0  -1  11.8  73
 620.0   50829  0.109   919  1694  2070 862  58  74   6   0   0  -1  11.8  73
 625.0   49490  0.106   919  1708  2083 858  59  77   6   0   0  -1  11.8  73
 630.0   48200  0.104   919  1722  2096 854  60  80   6   0   0  -1  11.8  73
 635.0   46957  0.101   919  1736  2109 850  61  83   6   0   0  -1  11.8  73
 640.0   45758  0.098   919  1750  2123 846  62  86   7   0   0  -1  11.8  73
 645.0   44602  0.096   919  1764  2136 842  63  89   7   0   0  -1  11.8  73
 650.0   43487  0.094   919  1778  2149 837  64  92   7   0   0  -1  11.8  73
 655.0   42411  0.091   919  1792  2162 833  65  95   7   0   0  -1  11.8  73
 660.0   41372  0.089   919  1806  2175 828  66  99   7   0   0  -1  11.8  73
 665.0   40369  0.087   919  1819  2189 823  67 102   8   0   0  -1  11.8  73
 670.0   39400  0.085   919  1833  2202 819  68 106   8   0   0  -1  11.8  73
 675.0   38464  0.083   919  1847  2215 814  69 109   8   0   0  -1  11.8  73
 680.0   37560  0.081   919  1861  2228 809  70 113   8   0   0  -1  11.8  73
 685.0   36686  0.079   920  1875  2241 804  71 117   9   0   0  -1  11.8  73
 690.0   35841  0.077   920  1889  2255 799  72 121   9   0   0  -1  11.8  73
 695.0   35023  0.075   920  1903  2268 793  73 125   9   0   0  -1  11.8  73
 700.0   34232  0.074   920  1917  2281 788  74 129   9   0   0  -1  11.8  73
 705.0   33467  0.072   920  1931  2294 783  75 133   9   0   0  -1  11.8  73
 710.0   32726  0.070   920  1945  2307 777  75 138  10   0   0  -1  11.8  73
 715.0   32009  0.069   920  1959  2321 772  76 142  10   0   0  -1  11.8  73
 720.0   31315  0.067   920  1972  2334 766  77 147  10   0   0  -1  11.8  73
 725.0   30642  0.066   920  1986  2347 760  78 151  10   0   0  -1  11.8  73
 730.0   29990  0.065   920  2000  2360 755  78 156  11   0   0  -1  11.8  73
 735.0   29358  0.063   920  2014  2373 749  79 161  11   0   0  -1  11.8  73
 740.0   28746  0.062   920  2028  2387 744  79 166  11   0   0  -1  11.8  73
 745.0   28152  0.061   920  2042  2400 738  79 171  11   0   0  -1  11.8  73