yyyy/mmdd(or -ddd)/hh.h):2000/ 101/12.0LT  geog Lat/Long/Alt=-25.0/ 125.0/ 300.0

IRIcor2 is used for topside Ne profile
URSI maps are used for the F2 peak density (NmF2)
foF2 STORM model is turned on 
Shubin2015model is used for F2 peak height (hmF2)
ABT-2009 option is used for the bottomside thickness parameter B0
Scotto-97 no L   option is used for the F1 occurrence probability
foE auroral storm model is turned off
IRI-1990   option is used for D-region
TBT-2012 with solar dependence is used for the electron temperature
Tru-2021 option is used for the ion temperature
RBV10+TBT15 option is used for ion composition
CGM coordinates not computed
auroral boundaries not computed

Peak Densities/cm-3: NmF2=1103864.4   NmF1= 382225.0   NmE= 198433.7
Peak Heights/km:     hmF2=   321.64   hmF1=   194.04   hmE=   110.00

Solar Zenith Angle/degree                               2.2
Dip (Magnetic Inclination)/degree                     -58.20
Modip (Modified Dip)/degree                           -46.86
Solar Sunspot Number (12-months running mean) Rz12    112.1           
Ionospheric-Effective Solar Index IG12                126.4           
Solar radio flux F10.7 (daily)                        125.6           
Solar radio flux F10.7 (81-day average)               158.6           

TEC [1.E16 m-2] is obtained by numerical integration in 1km steps
  from 50 to 2000.0 km. t is the percentage of TEC above the F peak.

-
   H   ELECTRON DENSITY   TEMPERATURES      ION PERCENTAGES[%]*10    1E16m-2
   km  Ne/cm-3 Ne/NmF2 Tn/K  Ti/K  Te/K  O+  N+  H+ He+ O2+ NO+ Clust TEC t/%
   0.0      -1 -1.000    -1    -1    -1  -1  -1  -1  -1  -1  -1  -1  38.7  69
   5.0      -1 -1.000    -1    -1    -1  -1  -1  -1  -1  -1  -1  -1  38.7  69
  10.0      -1 -1.000    -1    -1    -1  -1  -1  -1  -1  -1  -1  -1  38.7  69
  15.0      -1 -1.000    -1    -1    -1  -1  -1  -1  -1  -1  -1  -1  38.7  69
  20.0      -1 -1.000    -1    -1    -1  -1  -1  -1  -1  -1  -1  -1  38.7  69
  25.0      -1 -1.000    -1    -1    -1  -1  -1  -1  -1  -1  -1  -1  38.7  69
  30.0      -1 -1.000    -1    -1    -1  -1  -1  -1  -1  -1  -1  -1  38.7  69
  35.0      -1 -1.000    -1    -1    -1  -1  -1  -1  -1  -1  -1  -1  38.7  69
  40.0      -1 -1.000    -1    -1    -1  -1  -1  -1  -1  -1  -1  -1  38.7  69
  45.0      -1 -1.000    -1    -1    -1  -1  -1  -1  -1  -1  -1  -1  38.7  69
  50.0      -1 -1.000    -1    -1    -1  -1  -1  -1  -1  -1  -1  -1  38.7  69
  55.0      -1 -1.000    -1    -1    -1  -1  -1  -1  -1  -1  -1  -1  38.7  69
  60.0      -1 -1.000   247   247   247  -1  -1  -1  -1  -1  -1  -1  38.7  69
  65.0     212  0.000   232   232   232  -1  -1  -1  -1  -1  -1  -1  38.7  69
  70.0     571  0.001   218   218   218  -1  -1  -1  -1  -1  -1  -1  38.7  69
  75.0    1006  0.001   206   206   206  -1  -1  -1  -1  -1  -1  -1  38.7  69
  80.0    1374  0.001   198   198   198   0   0   0   0  10 990  -1  38.7  69
  85.0    2889  0.003   193   193   193   0   0   0   0  23 977  -1  38.7  69
  90.0   28171  0.026   189   189   189   0   0   0   0 189 811  -1  38.7  69
  95.0   97611  0.088   186   186   186   0   0   0   0 477 523  -1  38.7  69
 100.0  167351  0.152   189   189   189   0   0   0   0 542 458  -1  38.7  69
 105.0  195505  0.177   203   203   203   0   0   0   0 503 496  -1  38.7  69
 110.0  198434  0.180   233   233   233   0   0   0   0 405 594  -1  38.7  69
 115.0  193277  0.175   292   292   292   1   0   0   0 306 691  -1  38.7  69
 120.0  190295  0.172   386   386   386   3   0   0   0 249 745  -1  38.7  69
 125.0  198337  0.180   484   484   484   8   1   0   0 223 764  -1  38.7  69
 130.0  224390  0.203   564   564   564  17   1   0   0 217 758  -1  38.7  69
 135.0  245563  0.222   636   636   636  30   2   0   0 215 743  -1  38.7  69
 140.0  263774  0.239   699   699   699  50   3   0   0 212 723  -1  38.7  69
 145.0  279895  0.254   756   756   756  76   4   0   0 207 698  -1  38.7  69
 150.0  294383  0.267   805   805   830 107   5   0   0 197 672  -1  38.7  69
 155.0  307545  0.279   850   850   904 144   6   0   0 185 644  -1  38.7  69
 160.0  320133  0.290   889   889   978 187   7   0   0 172 611  -1  38.7  69
 165.0  332268  0.301   923   923  1052 234   8   0   0 158 575  -1  38.7  69
 170.0  343800  0.311   954   954  1126 285  10   0   0 144 536  -1  38.7  69
 175.0  354548  0.321   982   982  1200 338  11   0   0 131 495  -1  38.7  69
 180.0  364285  0.330  1006  1006  1274 389  11   0   0 117 456  -1  38.7  69
 185.0  372696  0.338  1028  1028  1348 434  12   0   0 105 423  -1  38.7  69
 190.0  379256  0.344  1047  1047  1422 476  13   0   0  94 391  -1  38.7  69
 195.0  386368  0.350  1064  1064  1496 519  14   0   0  84 358  -1  38.7  69
 200.0  408591  0.370  1079  1079  1568 569  15   0   0  73 317  -1  38.7  69
 205.0  431728  0.391  1092  1092  1638 618  16   0   0  64 278  -1  38.7  69
 210.0  455777  0.413  1104  1104  1702 664  16   0   0  55 241  -1  38.7  69
 215.0  480728  0.435  1115  1115  1756 707  17   0   0  47 207  -1  38.7  69
 220.0  506567  0.459  1124  1124  1796 747  18   0   0  40 175  -1  38.7  69
 225.0  533273  0.483  1133  1133  1826 783  18   0   0  33 146  -1  38.7  69
 230.0  560817  0.508  1140  1140  1849 814  18   0   0  28 121  -1  38.7  69
 235.0  589163  0.534  1147  1147  1870 842  18   0   0  23 100  -1  38.7  69
 240.0  618267  0.560  1153  1153  1889 865  18   0   0  19  82  -1  38.7  69
 245.0  648074  0.587  1158  1158  1908 885  18   0   0  16  67  -1  38.7  69
 250.0  678520  0.615  1163  1163  1927 902  18   0   0  13  55  -1  38.7  69
 255.0  709533  0.643  1167  1167  1946 915  18   0   0  11  45  -1  38.7  69
 260.0  741026  0.671  1170  1170  1965 927  18   0   0   9  37  -1  38.7  69
 265.0  772902  0.700  1174  1174  1984 937  18   0   0   7  30  -1  38.7  69
 270.0  805049  0.729  1177  1177  2003 945  18   0   0   6  24  -1  38.7  69
 275.0  837342  0.759  1179  1179  2022 952  17   0   0   5  20  -1  38.7  69
 280.0  869638  0.788  1182  1182  2041 957  17   0   0   4  16  -1  38.7  69
 285.0  901774  0.817  1184  1184  2059 962  17   0   0   4  13  -1  38.7  69
 290.0  933564  0.846  1186  1186  2078 966  16   0   0   3  11  -1  38.7  69
 295.0  964790  0.874  1187  1187  2097 969  16   0   0   2   9  -1  38.7  69
 300.0  995190  0.902  1189  1189  2116 984  16   0   0   0   0  -1  38.7  69
 305.0 1024435  0.928  1190  1190  2135 984  16   0   0   0   0  -1  38.7  69
 310.0 1052081  0.953  1191  1191  2154 984  16   0   0   0   0  -1  38.7  69
 315.0 1077423  0.976  1192  1192  2173 984  16   0   0   0   0  -1  38.7  69
 320.0 1098869  0.995  1193  1193  2192 983  16   0   0   0   0  -1  38.7  69
 325.0  921983  0.835  1194  1194  2210 983  17   0   0   0   0  -1  38.7  69
 330.0  918644  0.832  1195  1195  2229 983  17   0   0   0   0  -1  38.7  69
 335.0  913663  0.828  1195  1195  2247 983  17   0   0   0   0  -1  38.7  69
 340.0  907076  0.822  1196  1196  2264 982  17   0   0   0   0  -1  38.7  69
 345.0  898934  0.814  1196  1196  2279 982  18   0   0   0   0  -1  38.7  69
 350.0  889291  0.806  1197  1197  2290 982  18   0   0   0   0  -1  38.7  69
 355.0  878217  0.796  1197  1197  2296 981  18   0   0   0   0  -1  38.7  69
 360.0  865793  0.784  1198  1198  2297 981  18   0   0   0   0  -1  38.7  69
 365.0  852107  0.772  1198  1200  2297 981  19   0   0   0   0  -1  38.7  69
 370.0  837253  0.758  1198  1202  2295 981  19   0   0   0   0  -1  38.7  69
 375.0  821340  0.744  1199  1205  2293 980  19   0   0   0   0  -1  38.7  69
 380.0  804475  0.729  1199  1207  2291 980  20   0   0   0   0  -1  38.7  69
 385.0  786769  0.713  1199  1210  2288 980  20   0   0   0   0  -1  38.7  69
 390.0  768336  0.696  1199  1212  2286 979  20   0   0   0   0  -1  38.7  69
 395.0  749294  0.679  1199  1215  2284 979  20   0   0   0   0  -1  38.7  69
 400.0  729756  0.661  1200  1218  2281 979  21   1   0   0   0  -1  38.7  69
 405.0  709833  0.643  1200  1220  2279 978  21   1   0   0   0  -1  38.7  69
 410.0  689634  0.625  1200  1223  2276 978  21   1   0   0   0  -1  38.7  69
 415.0  669258  0.606  1200  1226  2274 978  22   1   0   0   0  -1  38.7  69
 420.0  648806  0.588  1200  1229  2272 977  22   1   0   0   0  -1  38.7  69
 425.0  628368  0.569  1200  1233  2269 977  22   1   0   0   0  -1  38.7  69
 430.0  608025  0.551  1200  1239  2267 977  22   1   0   0   0  -1  38.7  69
 435.0  587857  0.533  1200  1247  2265 976  23   1   0   0   0  -1  38.7  69
 440.0  567930  0.514  1200  1256  2262 976  23   1   0   0   0  -1  38.7  69
 445.0  548307  0.497  1200  1267  2260 976  23   1   0   0   0  -1  38.7  69
 450.0  529043  0.479  1201  1278  2257 975  24   1   0   0   0  -1  38.7  69
 455.0  510185  0.462  1201  1289  2255 975  24   1   0   0   0  -1  38.7  69
 460.0  491773  0.446  1201  1300  2253 974  24   1   0   0   0  -1  38.7  69
 465.0  473839  0.429  1201  1312  2250 974  25   1   0   0   0  -1  38.7  69
 470.0  456412  0.413  1201  1323  2248 973  25   1   0   0   0  -1  38.7  69
 475.0  439515  0.398  1201  1334  2246 973  26   1   0   0   0  -1  38.7  69
 480.0  423163  0.383  1201  1345  2243 973  26   1   0   0   0  -1  38.7  69
 485.0  407367  0.369  1201  1357  2241 972  26   1   0   0   0  -1  38.7  69
 490.0  392138  0.355  1201  1368  2239 972  27   1   0   0   0  -1  38.7  69
 495.0  377474  0.342  1201  1379  2236 971  27   2   0   0   0  -1  38.7  69
 500.0  363380  0.329  1201  1391  2234 971  27   2   0   0   0  -1  38.7  69
 505.0  349852  0.317  1201  1402  2232 970  28   2   0   0   0  -1  38.7  69
 510.0  336884  0.305  1201  1413  2230 970  28   2   0   0   0  -1  38.7  69
 515.0  324469  0.294  1201  1424  2228 969  28   2   0   0   0  -1  38.7  69
 520.0  312599  0.283  1201  1436  2227 969  29   2   0   0   0  -1  38.7  69
 525.0  301260  0.273  1201  1447  2226 968  29   2   0   0   0  -1  38.7  69
 530.0  290444  0.263  1201  1458  2227 968  30   2   0   0   0  -1  38.7  69
 535.0  280135  0.254  1201  1469  2229 967  30   2   0   0   0  -1  38.7  69
 540.0  270320  0.245  1201  1481  2232 967  30   3   0   0   0  -1  38.7  69
 545.0  260985  0.236  1201  1492  2239 966  31   3   0   0   0  -1  38.7  69
 550.0  252117  0.228  1201  1503  2249 966  31   3   0   0   0  -1  38.7  69
 555.0  243697  0.221  1201  1515  2263 965  32   3   0   0   0  -1  38.7  69
 560.0  235711  0.214  1201  1526  2279 965  32   3   0   0   0  -1  38.7  69
 565.0  228144  0.207  1201  1537  2299 964  32   3   0   0   0  -1  38.7  69
 570.0  220979  0.200  1201  1549  2320 964  33   3   0   0   0  -1  38.7  69
 575.0  214198  0.194  1201  1560  2343 963  33   4   0   0   0  -1  38.7  69
 580.0  207784  0.188  1201  1571  2368 962  33   4   0   0   0  -1  38.7  69
 585.0  201721  0.183  1201  1583  2392 962  34   4   1   0   0  -1  38.7  69
 590.0  195988  0.178  1201  1595  2417 961  34   4   1   0   0  -1  38.7  69
 595.0  190566  0.173  1201  1607  2443 961  34   4   1   0   0  -1  38.7  69
 600.0  185436  0.168  1201  1619  2468 960  35   4   1   0   0  -1  38.7  69
 605.0  180578  0.164  1201  1632  2494 960  35   4   1   0   0  -1  38.7  69
 610.0  175972  0.159  1201  1645  2520 959  35   5   1   0   0  -1  38.7  69
 615.0  171597  0.155  1201  1658  2545 959  36   5   1   0   0  -1  38.7  69
 620.0  167433  0.152  1201  1672  2571 958  36   5   1   0   0  -1  38.7  69
 625.0  163461  0.148  1201  1685  2597 958  37   5   1   0   0  -1  38.7  69
 630.0  159661  0.145  1201  1699  2623 957  37   5   1   0   0  -1  38.7  69
 635.0  156017  0.141  1201  1713  2648 956  37   6   1   0   0  -1  38.7  69
 640.0  152514  0.138  1201  1726  2674 956  38   6   1   0   0  -1  38.7  69
 645.0  149137  0.135  1201  1740  2700 955  38   6   1   0   0  -1  38.7  69
 650.0  145874  0.132  1201  1754  2726 955  38   6   1   0   0  -1  38.7  69
 655.0  142714  0.129  1201  1768  2752 954  39   6   1   0   0  -1  38.7  69
 660.0  139648  0.127  1201  1781  2777 953  39   7   1   0   0  -1  38.7  69
 665.0  136671  0.124  1201  1795  2803 953  40   7   1   0   0  -1  38.7  69
 670.0  133775  0.121  1201  1809  2829 952  40   7   1   0   0  -1  38.7  69
 675.0  130959  0.119  1201  1823  2855 951  40   7   1   0   0  -1  38.7  69
 680.0  128216  0.116  1201  1836  2880 951  41   8   1   0   0  -1  38.7  69
 685.0  125544  0.114  1201  1850  2906 950  41   8   1   0   0  -1  38.7  69
 690.0  122940  0.111  1201  1864  2932 949  42   8   1   0   0  -1  38.7  69
 695.0  120403  0.109  1201  1878  2958 949  42   8   1   0   0  -1  38.7  69
 700.0  117931  0.107  1201  1892  2984 948  42   9   1   0   0  -1  38.7  69
 705.0  115521  0.105  1201  1905  3009 947  43   9   1   0   0  -1  38.7  69
 710.0  113171  0.103  1201  1919  3035 946  43   9   1   0   0  -1  38.7  69
 715.0  110878  0.100  1201  1933  3061 946  44  10   1   0   0  -1  38.7  69
 720.0  108639  0.098  1201  1947  3087 945  44  10   1   0   0  -1  38.7  69
 725.0  106451  0.096  1201  1960  3112 944  45  10   1   0   0  -1  38.7  69
 730.0  104314  0.094  1201  1974  3138 943  45  11   1   0   0  -1  38.7  69
 735.0  102130  0.093  1201  1988  3164 942  46  11   1   0   0  -1  38.7  69
 740.0   99195  0.090  1201  2002  3190 941  46  11   1   0   0  -1  38.7  69
 745.0   96347  0.087  1201  2016  3215 940  47  12   1   0   0  -1  38.7  69
 750.0   93584  0.085  1201  2029  3241 940  47  12   1   0   0  -1  38.7  69