yyyy/mmdd(or -ddd)/hh.h):2008/ 101/ 0.0LT  geog Lat/Long/Alt=-25.0/ 125.0/ 300.0

IRIcor2 is used for topside Ne profile
URSI maps are used for the F2 peak density (NmF2)
foF2 STORM model is turned on 
Shubin2015model is used for F2 peak height (hmF2)
ABT-2009 option is used for the bottomside thickness parameter B0
Scotto-97 no L   option is used for the F1 occurrence probability
foE auroral storm model is turned off
IRI-1990   option is used for D-region
TBT-2012 with solar dependence is used for the electron temperature
Tru-2021 option is used for the ion temperature
RBV10+TBT15 option is used for ion composition
CGM coordinates not computed
auroral boundaries not computed

Peak Densities/cm-3: NmF2= 217087.3   NmF1=      0.0   NmE=   1695.7
Peak Heights/km:     hmF2=   291.56   hmF1=     0.00   hmE=   110.00

Solar Zenith Angle/degree                             132.0
Dip (Magnetic Inclination)/degree                     -57.93
Modip (Modified Dip)/degree                           -46.73
Solar Sunspot Number (12-months running mean) Rz12      4.5           
Ionospheric-Effective Solar Index IG12                 -5.5           
Solar radio flux F10.7 (daily)                         76.7           
Solar radio flux F10.7 (81-day average)                72.9           

TEC [1.E16 m-2] is obtained by numerical integration in 1km steps
  from 50 to 2000.0 km. t is the percentage of TEC above the F peak.

-
   H   ELECTRON DENSITY   TEMPERATURES      ION PERCENTAGES[%]*10    1E16m-2
   km  Ne/cm-3 Ne/NmF2 Tn/K  Ti/K  Te/K  O+  N+  H+ He+ O2+ NO+ Clust TEC t/%
  80.0       1  0.000   208   208   208   0   0   0   0   01000  -1   4.2  73
  85.0     258  0.001   209   209   209   0   0   0   0   2 998  -1   4.2  73
  90.0     478  0.002   204   204   204   0   0   0   0   4 996  -1   4.2  73
  95.0    1387  0.006   189   189   189   0   0   0   0  14 986  -1   4.2  73
 100.0    1651  0.008   178   178   178   0   0   0   0  22 978  -1   4.2  73
 105.0    1694  0.008   183   183   183   0   0   0   0  29 971  -1   4.2  73
 110.0    1696  0.008   206   206   206   0   0   0   0  33 967  -1   4.2  73
 115.0    1389  0.006   256   256   256   0   0   0   0  29 971  -1   4.2  73
 120.0     912  0.004   336   336   336   0   0   0   0  19 981  -1   4.2  73
 125.0     586  0.003   414   414   414   0   0   0   0  12 988  -1   4.2  73
 130.0     417  0.002   471   471   471   0   0   0   0   9 991  -1   4.2  73
 135.0     349  0.002   518   518   518   0   0   0   0   8 992  -1   4.2  73
 140.0     346  0.002   556   556   556   0   0   0   0   9 991  -1   4.2  73
 145.0     396  0.002   587   587   587   0   0   0   0  11 989  -1   4.2  73
 150.0     501  0.002   613   613   624   1   0   0   0  15 984  -1   4.2  73
 155.0     664  0.003   633   633   654   1   0   0   0  22 977  -1   4.2  73
 160.0     879  0.004   651   651   675   2   0   0   0  31 967  -1   4.2  73
 165.0    1137  0.005   664   664   691   4   0   0   0  43 953  -1   4.2  73
 170.0    1452  0.007   676   676   705   6   0   0   0  59 935  -1   4.2  73
 175.0    2002  0.009   685   685   717  12   0   0   0  83 905  -1   4.2  73
 180.0    2933  0.014   693   693   730  22   0   0   0 121 857  -1   4.2  73
 185.0    4274  0.020   699   699   742  41   0   0   0 166 793  -1   4.2  73
 190.0    6194  0.029   704   704   754  73   0   0   0 213 713  -1   4.2  73
 195.0    8926  0.041   709   709   767 126   0   0   0 252 620  -1   4.2  73
 200.0   12787  0.059   712   712   779 207   0   0   0 272 519  -1   4.2  73
 205.0   18207  0.084   715   715   791 320   1   0   0 264 413  -1   4.2  73
 210.0   25463  0.117   717   717   803 455   1   0   0 229 312  -1   4.2  73
 215.0   34589  0.159   719   719   815 591   1   0   0 181 224  -1   4.2  73
 220.0   45683  0.210   721   721   828 708   1   0   0 132 155  -1   4.2  73
 225.0   58725  0.271   722   723   840 799   1   0   0  92 104  -1   4.2  73
 230.0   73549  0.339   723   725   852 864   1   0   0  62  70  -1   4.2  73
 235.0   89839  0.414   724   727   864 908   1   0   0  42  47  -1   4.2  73
 240.0  107137  0.494   725   729   876 937   1   0   0  28  31  -1   4.2  73
 245.0  124873  0.575   725   731   889 957   1   0   0  19  21  -1   4.2  73
 250.0  142409  0.656   726   733   901 969   1   0   0  13  15  -1   4.2  73
 255.0  159088  0.733   726   735   913 978   1   0   0   9  11  -1   4.2  73
 260.0  174299  0.803   727   737   925 984   1   0   0   7   8  -1   4.2  73
 265.0  187525  0.864   727   739   937 988   1   0   0   5   6  -1   4.2  73
 270.0  198394  0.914   727   742   950 991   1   0   0   4   4  -1   4.2  73
 275.0  206702  0.952   727   744   962 993   1   0   0   3   3  -1   4.2  73
 280.0  212432  0.979   727   746   974 995   0   0   0   2   3  -1   4.2  73
 285.0  215753  0.994   727   748   986 996   0   0   0   2   2  -1   4.2  73
 290.0  217025  1.000   728   750   998 997   0   0   0   1   2  -1   4.2  73
 295.0  214936  0.990   728   752  1010 997   0   0   0   1   1  -1   4.2  73
 300.0  214212  0.987   728   754  1023 989   8   3   0   0   0  -1   4.2  73
 305.0  212952  0.981   728   756  1035 988   8   4   0   0   0  -1   4.2  73
 310.0  211176  0.973   728   758  1047 988   9   4   0   0   0  -1   4.2  73
 315.0  208912  0.962   728   760  1059 987   9   4   0   0   0  -1   4.2  73
 320.0  206187  0.950   728   763  1071 986   9   5   0   0   0  -1   4.2  73
 325.0  203034  0.935   728   765  1084 985  10   5   0   0   0  -1   4.2  73
 330.0  199486  0.919   728   767  1096 985  10   5   0   0   0  -1   4.2  73
 335.0  195579  0.901   728   769  1107 984  10   6   0   0   0  -1   4.2  73
 340.0  191350  0.881   728   771  1118 983  11   6   0   0   0  -1   4.2  73
 345.0  186835  0.861   728   772  1126 982  11   7   0   0   0  -1   4.2  73
 350.0  182073  0.839   728   773  1131 981  12   7   0   0   0  -1   4.2  73
 355.0  177099  0.816   728   773  1132 980  12   8   0   0   0  -1   4.2  73
 360.0  171950  0.792   728   773  1128 979  13   8   0   0   0  -1   4.2  73
 365.0  166660  0.768   728   772  1123 978  13   9   0   0   0  -1   4.2  73
 370.0  161264  0.743   728   771  1117 976  14  10   0   0   0  -1   4.2  73
 375.0  155794  0.718   728   771  1110 975  14  11   0   0   0  -1   4.2  73
 380.0  150280  0.692   728   770  1103 973  15  12   0   0   0  -1   4.2  73
 385.0  144752  0.667   728   769  1096 972  15  13   0   0   0  -1   4.2  73
 390.0  139238  0.641   728   768  1089 970  16  14   0   0   0  -1   4.2  73
 395.0  133761  0.616   728   767  1082 968  16  15   0   0   0  -1   4.2  73
 400.0  128348  0.591   728   766  1075 967  17  16   0   0   0  -1   4.2  73
 405.0  123019  0.567   728   765  1068 965  18  17   0   0   0  -1   4.2  73
 410.0  117794  0.543   728   764  1061 963  18  19   0   0   0  -1   4.2  73
 415.0  112692  0.519   728   764  1055 960  19  20   1   0   0  -1   4.2  73
 420.0  107726  0.496   728   763  1048 958  20  22   1   0   0  -1   4.2  73
 425.0  102911  0.474   728   762  1041 955  21  23   1   0   0  -1   4.2  73
 430.0   98258  0.453   728   762  1034 953  21  25   1   0   0  -1   4.2  73
 435.0   93776  0.432   728   762  1027 950  22  27   1   0   0  -1   4.2  73
 440.0   89471  0.412   728   762  1020 947  23  30   1   0   0  -1   4.2  73
 445.0   85348  0.393   728   762  1013 944  24  32   1   0   0  -1   4.2  73
 450.0   81410  0.375   728   763  1006 940  25  34   1   0   0  -1   4.2  73
 455.0   77657  0.358   728   763   999 936  25  37   1   0   0  -1   4.2  73
 460.0   74090  0.341   728   764   992 933  26  40   1   0   0  -1   4.2  73
 465.0   70706  0.326   728   764   985 928  27  43   1   0   0  -1   4.2  73
 470.0   67502  0.311   728   765   978 924  28  47   1   0   0  -1   4.2  73
 475.0   64473  0.297   728   765   971 919  29  50   1   0   0  -1   4.2  73
 480.0   61347  0.283   728   766   964 914  30  54   1   0   0  -1   4.2  73
 485.0   58229  0.268   728   766   958 909  31  58   1   0   0  -1   4.2  73
 490.0   55309  0.255   728   767   951 904  32  62   1   0   0  -1   4.2  73
 495.0   52577  0.242   728   767   944 898  33  67   2   0   0  -1   4.2  73
 500.0   50022  0.230   728   768   937 892  34  72   2   0   0  -1   4.2  73
 505.0   47633  0.219   728   768   930 886  36  77   2   0   0  -1   4.2  73
 510.0   45400  0.209   728   769   923 879  37  82   2   0   0  -1   4.2  73
 515.0   43312  0.200   728   769   917 872  38  88   2   0   0  -1   4.2  73
 520.0   41360  0.191   728   769   911 865  39  94   2   0   0  -1   4.2  73
 525.0   39534  0.182   728   770   905 858  40 100   2   0   0  -1   4.2  73
 530.0   37825  0.174   728   770   900 851  41 106   2   0   0  -1   4.2  73
 535.0   36224  0.167   728   771   896 843  42 113   2   0   0  -1   4.2  73
 540.0   34724  0.160   728   771   893 836  43 119   3   0   0  -1   4.2  73
 545.0   33317  0.153   728   772   892 828  43 126   3   0   0  -1   4.2  73
 550.0   31996  0.147   728   773   893 821  44 132   3   0   0  -1   4.2  73
 555.0   30756  0.142   728   773   897 813  45 139   3   0   0  -1   4.2  73
 560.0   29589  0.136   728   774   903 806  46 145   3   0   0  -1   4.2  73
 565.0   28491  0.131   728   774   911 799  46 151   3   0   0  -1   4.2  73
 570.0   27456  0.126   728   775   920 792  47 157   3   0   0  -1   4.2  73
 575.0   26481  0.122   728   776   930 785  48 163   4   0   0  -1   4.2  73
 580.0   25561  0.118   728   778   941 779  48 169   4   0   0  -1   4.2  73
 585.0   24692  0.114   728   780   952 772  49 175   4   0   0  -1   4.2  73
 590.0   23871  0.110   728   783   963 766  49 181   4   0   0  -1   4.2  73
 595.0   23095  0.106   728   786   975 759  49 187   4   0   0  -1   4.2  73
 600.0   22360  0.103   728   791   987 753  50 193   4   0   0  -1   4.2  73
 605.0   21664  0.100   728   797   999 746  50 199   5   0   0  -1   4.2  73
 610.0   21004  0.097   728   805  1010 740  50 205   5   0   0  -1   4.2  73
 615.0   20378  0.094   728   813  1022 733  51 211   5   0   0  -1   4.2  73
 620.0   19783  0.091   728   822  1034 727  51 217   5   0   0  -1   4.2  73
 625.0   19218  0.089   728   832  1046 720  51 223   5   0   0  -1   4.2  73
 630.0   18682  0.086   728   842  1058 714  52 229   6   0   0  -1   4.2  73
 635.0   18171  0.084   728   852  1070 707  52 235   6   0   0  -1   4.2  73
 640.0   17684  0.081   728   862  1082 700  52 242   6   0   0  -1   4.2  73
 645.0   17220  0.079   728   873  1094 693  52 248   6   0   0  -1   4.2  73
 650.0   16778  0.077   728   883  1106 686  53 255   6   0   0  -1   4.2  73
 655.0   16355  0.075   728   894  1117 679  53 262   7   0   0  -1   4.2  73
 660.0   15952  0.073   728   905  1129 672  53 268   7   0   0  -1   4.2  73
 665.0   15566  0.072   728   915  1141 664  53 275   7   0   0  -1   4.2  73
 670.0   15196  0.070   728   926  1153 657  53 282   7   0   0  -1   4.2  73
 675.0   14842  0.068   728   936  1165 649  54 290   8   0   0  -1   4.2  73
 680.0   14502  0.067   728   947  1177 641  54 297   8   0   0  -1   4.2  73
 685.0   14176  0.065   728   958  1189 633  54 305   8   0   0  -1   4.2  73
 690.0   13862  0.064   728   968  1201 625  54 312   8   0   0  -1   4.2  73
 695.0   13560  0.062   728   979  1213 617  54 320   9   0   0  -1   4.2  73
 700.0   13268  0.061   728   990  1225 608  54 328   9   0   0  -1   4.2  73
 705.0   12987  0.060   728  1000  1237 599  54 337   9   0   0  -1   4.2  73
 710.0   12715  0.059   728  1011  1248 590  54 346  10   0   0  -1   4.2  73
 715.0   12451  0.057   728  1021  1260 580  54 355  10   0   0  -1   4.2  73
 720.0   12196  0.056   728  1032  1272 570  54 365  10   0   0  -1   4.2  73
 725.0   11948  0.055   728  1043  1284 560  54 375  11   0   0  -1   4.2  73
 730.0   11707  0.054   728  1053  1296 549  54 386  11   0   0  -1   4.2  73
 735.0   11472  0.053   728  1064  1308 537  54 397  12   0   0  -1   4.2  73
 740.0   11243  0.052   728  1074  1320 525  54 409  12   0   0  -1   4.2  73
 745.0   11020  0.051   728  1085  1332 512  54 421  12   0   0  -1   4.2  73
 750.0   10802  0.050   728  1096  1344 499  54 434  13   0   0  -1   4.2  73