yyyy/mmdd(or -ddd)/hh.h):2008/ 101/12.0LT  geog Lat/Long/Alt=-25.0/ 125.0/ 300.0

IRIcor2 is used for topside Ne profile
URSI maps are used for the F2 peak density (NmF2)
foF2 STORM model is turned on 
Shubin2015model is used for F2 peak height (hmF2)
ABT-2009 option is used for the bottomside thickness parameter B0
Scotto-97 no L   option is used for the F1 occurrence probability
foE auroral storm model is turned off
IRI-1990   option is used for D-region
TBT-2012 with solar dependence is used for the electron temperature
Tru-2021 option is used for the ion temperature
RBV10+TBT15 option is used for ion composition
CGM coordinates not computed
auroral boundaries not computed

Peak Densities/cm-3: NmF2= 536845.4   NmF1= 244579.9   NmE= 143245.0
Peak Heights/km:     hmF2=   275.16   hmF1=   184.20   hmE=   110.00

Solar Zenith Angle/degree                               2.2
Dip (Magnetic Inclination)/degree                     -57.93
Modip (Modified Dip)/degree                           -46.73
Solar Sunspot Number (12-months running mean) Rz12      4.5           
Ionospheric-Effective Solar Index IG12                 -5.5           
Solar radio flux F10.7 (daily)                         76.7           
Solar radio flux F10.7 (81-day average)                72.9           

TEC [1.E16 m-2] is obtained by numerical integration in 1km steps
  from 50 to 2000.0 km. t is the percentage of TEC above the F peak.

-
   H   ELECTRON DENSITY   TEMPERATURES      ION PERCENTAGES[%]*10    1E16m-2
   km  Ne/cm-3 Ne/NmF2 Tn/K  Ti/K  Te/K  O+  N+  H+ He+ O2+ NO+ Clust TEC t/%
   0.0      -1 -1.000    -1    -1    -1  -1  -1  -1  -1  -1  -1  -1  12.5  58
   5.0      -1 -1.000    -1    -1    -1  -1  -1  -1  -1  -1  -1  -1  12.5  58
  10.0      -1 -1.000    -1    -1    -1  -1  -1  -1  -1  -1  -1  -1  12.5  58
  15.0      -1 -1.000    -1    -1    -1  -1  -1  -1  -1  -1  -1  -1  12.5  58
  20.0      -1 -1.000    -1    -1    -1  -1  -1  -1  -1  -1  -1  -1  12.5  58
  25.0      -1 -1.000    -1    -1    -1  -1  -1  -1  -1  -1  -1  -1  12.5  58
  30.0      -1 -1.000    -1    -1    -1  -1  -1  -1  -1  -1  -1  -1  12.5  58
  35.0      -1 -1.000    -1    -1    -1  -1  -1  -1  -1  -1  -1  -1  12.5  58
  40.0      -1 -1.000    -1    -1    -1  -1  -1  -1  -1  -1  -1  -1  12.5  58
  45.0      -1 -1.000    -1    -1    -1  -1  -1  -1  -1  -1  -1  -1  12.5  58
  50.0      -1 -1.000    -1    -1    -1  -1  -1  -1  -1  -1  -1  -1  12.5  58
  55.0      -1 -1.000    -1    -1    -1  -1  -1  -1  -1  -1  -1  -1  12.5  58
  60.0      -1 -1.000   247   247   247  -1  -1  -1  -1  -1  -1  -1  12.5  58
  65.0      86  0.000   232   232   232  -1  -1  -1  -1  -1  -1  -1  12.5  58
  70.0     231  0.000   218   218   218  -1  -1  -1  -1  -1  -1  -1  12.5  58
  75.0     408  0.001   207   207   207  -1  -1  -1  -1  -1  -1  -1  12.5  58
  80.0     557  0.001   205   205   205   0   0   0   0   4 996  -1  12.5  58
  85.0    1171  0.002   205   205   205   0   0   0   0   9 991  -1  12.5  58
  90.0   12373  0.023   198   198   198   0   0   0   0  89 911  -1  12.5  58
  95.0   52002  0.097   184   184   184   0   0   0   0 334 666  -1  12.5  58
 100.0  106960  0.199   176   176   176   0   0   0   0 561 439  -1  12.5  58
 105.0  138340  0.258   185   185   185   0   0   0   0 483 517  -1  12.5  58
 110.0  143245  0.267   213   213   213   0   0   0   0 401 598  -1  12.5  58
 115.0  139521  0.260   269   269   269   1   0   0   0 346 652  -1  12.5  58
 120.0  137392  0.256   356   356   356   2   0   0   0 278 717  -1  12.5  58
 125.0  143213  0.267   438   438   438   5   0   0   0 236 755  -1  12.5  58
 130.0  151292  0.282   499   499   508  11   1   0   0 225 758  -1  12.5  58
 135.0  159791  0.298   551   551   583  20   1   0   0 219 752  -1  12.5  58
 140.0  168715  0.314   596   596   659  31   2   0   0 220 737  -1  12.5  58
 145.0  178073  0.332   634   634   735  47   2   0   0 221 717  -1  12.5  58
 150.0  187872  0.350   667   667   810  68   3   0   0 222 694  -1  12.5  58
 155.0  198103  0.369   695   695   886  94   3   0   0 219 667  -1  12.5  58
 160.0  208640  0.389   719   719   962 126   4   0   0 214 637  -1  12.5  58
 165.0  218629  0.407   739   739  1037 165   4   0   0 206 604  -1  12.5  58
 170.0  227693  0.424   757   757  1113 210   5   0   0 196 567  -1  12.5  58
 175.0  235534  0.439   772   772  1188 260   6   0   0 184 527  -1  12.5  58
 180.0  241676  0.450   784   784  1264 315   6   0   0 170 485  -1  12.5  58
 185.0  247701  0.461   795   795  1340 373   7   0   0 155 440  -1  12.5  58
 190.0  267603  0.498   805   805  1415 447   8   0   0 137 383  -1  12.5  58
 195.0  288068  0.537   813   813  1490 522   8   0   0 119 326  -1  12.5  58
 200.0  308963  0.576   820   820  1564 594   9   0   0 102 272  -1  12.5  58
 205.0  330137  0.615   826   826  1636 660   9   0   0  85 223  -1  12.5  58
 210.0  351418  0.655   831   831  1703 720   9   0   0  70 180  -1  12.5  58
 215.0  372616  0.694   835   835  1759 772   9   0   0  57 143  -1  12.5  58
 220.0  393525  0.733   839   840  1803 817   9   0   0  46 112  -1  12.5  58
 225.0  413925  0.771   842   845  1836 854   9   0   0  37  86  -1  12.5  58
 230.0  433582  0.808   845   850  1862 883   9   0   0  29  66  -1  12.5  58
 235.0  452256  0.842   847   855  1886 907   9   0   0  23  51  -1  12.5  58
 240.0  469701  0.875   849   860  1909 925   9   0   0  18  39  -1  12.5  58
 245.0  485669  0.905   851   865  1931 940   9   0   0  14  30  -1  12.5  58
 250.0  499913  0.931   853   870  1953 951   9   0   0  11  23  -1  12.5  58
 255.0  512194  0.954   854   875  1975 959   9   0   0   9  18  -1  12.5  58
 260.0  522275  0.973   855   880  1997 966   9   0   0   7  14  -1  12.5  58
 265.0  529924  0.987   856   885  2019 971   9   0   0   6  11  -1  12.5  58
 270.0  534896  0.996   857   890  2041 975   9   0   0   5   8  -1  12.5  58
 275.0  536843  1.000   857   895  2063 978   9   0   0   4   7  -1  12.5  58
 280.0  453807  0.845   858   900  2085 976  10   0   0   4   7  -1  12.5  58
 285.0  448394  0.835   859   905  2107 977  11   0   0   3   6  -1  12.5  58
 290.0  441922  0.823   859   910  2129 978  11   0   0   3   5  -1  12.5  58
 295.0  434482  0.809   859   915  2151 979  12   0   0   2   5  -1  12.5  58
 300.0  426165  0.794   860   920  2173 982  16   1   0   0   0  -1  12.5  58
 305.0  417068  0.777   860   925  2195 982  17   1   0   0   0  -1  12.5  58
 310.0  407283  0.759   860   930  2218 982  17   1   0   0   0  -1  12.5  58
 315.0  396905  0.739   860   935  2240 981  17   1   0   0   0  -1  12.5  58
 320.0  386028  0.719   861   940  2262 981  18   2   0   0   0  -1  12.5  58
 325.0  374736  0.698   861   946  2283 980  18   2   0   0   0  -1  12.5  58
 330.0  363119  0.676   861   951  2305 980  18   2   0   0   0  -1  12.5  58
 335.0  351257  0.654   861   956  2327 979  19   2   0   0   0  -1  12.5  58
 340.0  339227  0.632   861   961  2347 979  19   2   0   0   0  -1  12.5  58
 345.0  327101  0.609   861   966  2365 978  19   2   0   0   0  -1  12.5  58
 350.0  314949  0.587   861   970  2378 978  20   3   0   0   0  -1  12.5  58
 355.0  302830  0.564   861   975  2386 977  20   3   0   0   0  -1  12.5  58
 360.0  290804  0.542   861   980  2389 977  20   3   0   0   0  -1  12.5  58
 365.0  278921  0.520   861   985  2390 976  21   3   0   0   0  -1  12.5  58
 370.0  267227  0.498   862   990  2390 976  21   3   0   0   0  -1  12.5  58
 375.0  255763  0.476   862   995  2389 975  21   4   0   0   0  -1  12.5  58
 380.0  244563  0.456   862   999  2388 974  22   4   0   0   0  -1  12.5  58
 385.0  233658  0.435   862  1004  2387 974  22   4   0   0   0  -1  12.5  58
 390.0  223072  0.416   862  1009  2386 973  22   5   0   0   0  -1  12.5  58
 395.0  212825  0.396   862  1014  2385 972  23   5   0   0   0  -1  12.5  58
 400.0  202933  0.378   862  1019  2385 971  23   5   0   0   0  -1  12.5  58
 405.0  193406  0.360   862  1023  2384 970  23   6   0   0   0  -1  12.5  58
 410.0  184252  0.343   862  1028  2383 970  24   6   0   0   0  -1  12.5  58
 415.0  175475  0.327   862  1033  2382 969  24   7   0   0   0  -1  12.5  58
 420.0  167077  0.311   862  1039  2381 968  25   7   0   0   0  -1  12.5  58
 425.0  159054  0.296   862  1046  2380 967  25   8   0   0   0  -1  12.5  58
 430.0  151402  0.282   862  1056  2379 966  25   9   0   0   0  -1  12.5  58
 435.0  144117  0.268   862  1068  2378 964  26   9   1   0   0  -1  12.5  58
 440.0  137190  0.256   862  1082  2377 963  26  10   1   0   0  -1  12.5  58
 445.0  130610  0.243   862  1098  2376 962  27  11   1   0   0  -1  12.5  58
 450.0  124369  0.232   862  1114  2375 961  27  12   1   0   0  -1  12.5  58
 455.0  118454  0.221   862  1131  2374 959  28  12   1   0   0  -1  12.5  58
 460.0  112855  0.210   862  1148  2373 958  28  13   1   0   0  -1  12.5  58
 465.0  107558  0.200   862  1165  2373 956  28  14   1   0   0  -1  12.5  58
 470.0  102551  0.191   862  1181  2372 955  29  16   1   0   0  -1  12.5  58
 475.0   97821  0.182   862  1198  2371 953  29  17   1   0   0  -1  12.5  58
 480.0   93355  0.174   862  1215  2370 951  30  18   1   0   0  -1  12.5  58
 485.0   89141  0.166   862  1232  2369 949  30  20   1   0   0  -1  12.5  58
 490.0   85167  0.159   862  1248  2368 947  31  21   1   0   0  -1  12.5  58
 495.0   81420  0.152   862  1265  2367 945  31  23   1   0   0  -1  12.5  58
 500.0   77889  0.145   862  1282  2366 943  32  24   1   0   0  -1  12.5  58
 505.0   74562  0.139   862  1299  2365 941  32  26   1   0   0  -1  12.5  58
 510.0   71428  0.133   862  1315  2365 938  32  28   1   0   0  -1  12.5  58
 515.0   68478  0.128   862  1332  2364 936  33  30   1   0   0  -1  12.5  58
 520.0   65700  0.122   862  1349  2364 933  33  32   1   0   0  -1  12.5  58
 525.0   63086  0.118   862  1366  2364 931  34  34   2   0   0  -1  12.5  58
 530.0   60627  0.113   862  1382  2365 928  34  36   2   0   0  -1  12.5  58
 535.0   58314  0.109   862  1399  2366 925  35  38   2   0   0  -1  12.5  58
 540.0   56139  0.105   862  1416  2369 922  35  41   2   0   0  -1  12.5  58
 545.0   54095  0.101   862  1433  2373 920  35  43   2   0   0  -1  12.5  58
 550.0   52174  0.097   862  1449  2379 917  36  45   2   0   0  -1  12.5  58
 555.0   50370  0.094   862  1466  2388 914  36  47   2   0   0  -1  12.5  58
 560.0   48677  0.091   862  1483  2398 912  36  50   2   0   0  -1  12.5  58
 565.0   47089  0.088   862  1499  2409 909  37  52   2   0   0  -1  12.5  58
 570.0   45600  0.085   862  1516  2422 907  37  54   2   0   0  -1  12.5  58
 575.0   44203  0.082   862  1532  2436 904  37  56   2   0   0  -1  12.5  58
 580.0   42896  0.080   862  1548  2450 902  38  58   2   0   0  -1  12.5  58
 585.0   41671  0.078   862  1564  2465 900  38  60   2   0   0  -1  12.5  58
 590.0   40524  0.075   862  1579  2480 897  38  62   2   0   0  -1  12.5  58
 595.0   39450  0.073   862  1594  2495 895  39  64   2   0   0  -1  12.5  58
 600.0   38445  0.072   862  1608  2510 893  39  65   3   0   0  -1  12.5  58
 605.0   37504  0.070   862  1621  2526 891  39  67   3   0   0  -1  12.5  58
 610.0   36621  0.068   862  1633  2541 889  40  69   3   0   0  -1  12.5  58
 615.0   35793  0.067   862  1645  2556 886  40  71   3   0   0  -1  12.5  58
 620.0   35015  0.065   862  1656  2572 884  40  73   3   0   0  -1  12.5  58
 625.0   34283  0.064   862  1667  2587 882  40  75   3   0   0  -1  12.5  58
 630.0   33592  0.063   862  1678  2602 880  41  77   3   0   0  -1  12.5  58
 635.0   32940  0.061   862  1688  2618 877  41  79   3   0   0  -1  12.5  58
 640.0   32321  0.060   862  1698  2633 875  41  81   3   0   0  -1  12.5  58
 645.0   31734  0.059   862  1709  2648 873  42  83   3   0   0  -1  12.5  58
 650.0   31175  0.058   862  1719  2664 870  42  85   3   0   0  -1  12.5  58
 655.0   30641  0.057   862  1729  2679 868  42  87   3   0   0  -1  12.5  58
 660.0   30131  0.056   862  1739  2694 865  42  89   3   0   0  -1  12.5  58
 665.0   29642  0.055   862  1750  2710 863  43  92   3   0   0  -1  12.5  58
 670.0   29172  0.054   862  1760  2725 860  43  94   3   0   0  -1  12.5  58
 675.0   28721  0.053   862  1770  2740 858  43  96   3   0   0  -1  12.5  58
 680.0   28286  0.053   862  1780  2756 855  43  98   3   0   0  -1  12.5  58
 685.0   27867  0.052   862  1791  2771 852  44 101   3   0   0  -1  12.5  58
 690.0   27325  0.051   862  1801  2786 849  44 103   3   0   0  -1  12.5  58
 695.0   26696  0.050   862  1811  2802 847  44 106   3   0   0  -1  12.5  58
 700.0   26089  0.049   862  1821  2817 844  45 108   3   0   0  -1  12.5  58
 705.0   25502  0.048   862  1831  2832 841  45 111   3   0   0  -1  12.5  58
 710.0   24934  0.046   862  1842  2848 838  45 113   3   0   0  -1  12.5  58
 715.0   24385  0.045   862  1852  2863 835  45 116   3   0   0  -1  12.5  58
 720.0   23852  0.044   862  1862  2878 832  46 119   4   0   0  -1  12.5  58
 725.0   23336  0.043   862  1872  2894 829  46 121   4   0   0  -1  12.5  58
 730.0   22835  0.043   862  1882  2909 826  46 124   4   0   0  -1  12.5  58
 735.0   22349  0.042   862  1893  2924 823  47 126   4   0   0  -1  12.5  58
 740.0   21876  0.041   862  1903  2940 820  47 129   4   0   0  -1  12.5  58
 745.0   21417  0.040   862  1913  2955 817  47 132   4   0   0  -1  12.5  58
 750.0   20970  0.039   862  1923  2970 814  48 134   4   0   0  -1  12.5  58
