yyyy/mmdd(or -ddd)/hh.h):2008/ 601/ 0.0LT  geog Lat/Long/Alt=-25.0/ 125.0/ 300.0

NeQuick is used for topside Ne profile
URSI maps are used for the F2 peak density (NmF2)
foF2 STORM model is turned on 
Shubin2015model is used for F2 peak height (hmF2)
ABT-2009 option is used for the bottomside thickness parameter B0
Scotto-97 no L   option is used for the F1 occurrence probability
foE auroral storm model is turned off
IRI-1990   option is used for D-region
TBT-2012 with solar dependence is used for the electron temperature
RBV10+TBT15 option is used for ion composition
CGM coordinates not computed
auroral boundaries not computed

Peak Densities/cm-3: NmF2= 122943.9   NmF1=      0.0   NmE=   1680.8
Peak Heights/km:     hmF2=   273.02   hmF1=     0.00   hmE=   110.00

Solar Zenith Angle/degree                             177.2
Dip (Magnetic Inclination)/degree                     -57.92
Modip (Modified Dip)/degree                           -46.72
Solar Sunspot Number (12-months running mean) Rz12      3.4           
Ionospheric-Effective Solar Index IG12                 -8.6           
Solar radio flux F10.7 (daily)                         68.5           
Solar radio flux F10.7 (81-day average)                69.0           

TEC [1.E16 m-2] is obtained by numerical integration in 1km steps
  from 50 to 2000.0 km. t is the percentage of TEC above the F peak.

-
   H   ELECTRON DENSITY   TEMPERATURES      ION PERCENTAGES[%]*10    1E16m-2
   km  Ne/cm-3 Ne/NmF2 Tn/K  Ti/K  Te/K  O+  N+  H+ He+ O2+ NO+ Clust TEC t/%
   0.0      -1 -1.000    -1    -1    -1  -1  -1  -1  -1  -1  -1  -1   3.0  76
   5.0      -1 -1.000    -1    -1    -1  -1  -1  -1  -1  -1  -1  -1   3.0  76
  10.0      -1 -1.000    -1    -1    -1  -1  -1  -1  -1  -1  -1  -1   3.0  76
  15.0      -1 -1.000    -1    -1    -1  -1  -1  -1  -1  -1  -1  -1   3.0  76
  20.0      -1 -1.000    -1    -1    -1  -1  -1  -1  -1  -1  -1  -1   3.0  76
  25.0      -1 -1.000    -1    -1    -1  -1  -1  -1  -1  -1  -1  -1   3.0  76
  30.0      -1 -1.000    -1    -1    -1  -1  -1  -1  -1  -1  -1  -1   3.0  76
  35.0      -1 -1.000    -1    -1    -1  -1  -1  -1  -1  -1  -1  -1   3.0  76
  40.0      -1 -1.000    -1    -1    -1  -1  -1  -1  -1  -1  -1  -1   3.0  76
  45.0      -1 -1.000    -1    -1    -1  -1  -1  -1  -1  -1  -1  -1   3.0  76
  50.0      -1 -1.000    -1    -1    -1  -1  -1  -1  -1  -1  -1  -1   3.0  76
  55.0      -1 -1.000    -1    -1    -1  -1  -1  -1  -1  -1  -1  -1   3.0  76
  60.0      -1 -1.000   241   241   241  -1  -1  -1  -1  -1  -1  -1   3.0  76
  65.0      -1 -1.000   227   227   227  -1  -1  -1  -1  -1  -1  -1   3.0  76
  70.0      -1 -1.000   217   217   217  -1  -1  -1  -1  -1  -1  -1   3.0  76
  75.0      -1 -1.000   210   210   210  -1  -1  -1  -1  -1  -1  -1   3.0  76
  80.0       1  0.000   197   197   197   0   0   0   0   01000  -1   3.0  76
  85.0     248  0.002   184   184   184   0   0   0   0   2 998  -1   3.0  76
  90.0     473  0.004   178   178   178   0   0   0   0   4 996  -1   3.0  76
  95.0    1376  0.011   181   181   181   0   0   0   0  14 986  -1   3.0  76
 100.0    1637  0.013   191   191   191   0   0   0   0  21 979  -1   3.0  76
 105.0    1679  0.014   206   206   206   0   0   0   0  26 974  -1   3.0  76
 110.0    1681  0.014   229   229   229   0   0   0   0  30 970  -1   3.0  76
 115.0    1373  0.011   266   266   266   0   0   0   0  28 972  -1   3.0  76
 120.0     895  0.007   318   318   318   0   0   0   0  19 981  -1   3.0  76
 125.0     570  0.005   376   376   376   0   0   0   0  12 988  -1   3.0  76
 130.0     402  0.003   425   425   425   0   0   0   0   9 991  -1   3.0  76
 135.0     333  0.003   465   465   465   0   0   0   0   8 991  -1   3.0  76
 140.0     328  0.003   500   500   500   0   0   0   0   9 991  -1   3.0  76
 145.0     374  0.003   528   528   528   1   0   0   0  11 988  -1   3.0  76
 150.0     474  0.004   552   552   553   1   0   0   0  16 983  -1   3.0  76
 155.0     630  0.005   572   572   574   2   0   0   0  24 974  -1   3.0  76
 160.0     840  0.007   589   589   589   4   0   0   0  35 961  -1   3.0  76
 165.0    1093  0.009   603   603   603   7   0   0   0  50 943  -1   3.0  76
 170.0    1400  0.011   615   615   615  12   0   0   0  69 919  -1   3.0  76
 175.0    2584  0.021   625   625   625  29   0   0   0 124 846  -1   3.0  76
 180.0    6366  0.052   634   634   634  85   0   0   0 236 678  -1   3.0  76
 185.0   11530  0.094   641   641   641 178   0   0   0 298 523  -1   3.0  76
 190.0   17795  0.145   647   647   647 302   0   0   0 302 395  -1   3.0  76
 195.0   24865  0.202   652   652   652 441   0   0   0 265 291  -1   3.0  76
 200.0   32957  0.268   656   656   656 579   1   0   0 211 208  -1   3.0  76
 205.0   42080  0.342   659   661   661 697   1   0   0 156 144  -1   3.0  76
 210.0   51923  0.422   662   667   667 789   1   0   0 111  98  -1   3.0  76
 215.0   62109  0.505   665   673   673 854   1   0   0  77  67  -1   3.0  76
 220.0   72237  0.588   667   679   679 899   1   0   0  53  46  -1   3.0  76
 225.0   81926  0.666   668   685   685 930   1   0   0  37  32  -1   3.0  76
 230.0   90852  0.739   670   691   691 950   0   0   0  26  22  -1   3.0  76
 235.0   98769  0.803   671   696   696 964   0   0   0  18  16  -1   3.0  76
 240.0  105527  0.858   672   702   702 974   0   0   0  13  12  -1   3.0  76
 245.0  111064  0.903   673   708   708 981   0   0   0  10   9  -1   3.0  76
 250.0  115399  0.939   674   714   714 986   0   0   0   7   7  -1   3.0  76
 255.0  118613  0.965   674   720   720 989   0   0   0   5   5  -1   3.0  76
 260.0  120830  0.983   675   725   725 992   0   0   0   4   4  -1   3.0  76
 265.0  122192  0.994   675   731   731 993   0   0   0   3   3  -1   3.0  76
 270.0  122843  0.999   676   737   737 995   0   0   0   2   2  -1   3.0  76
 275.0  122905  1.000   676   743   743 996   0   0   0   2   2  -1   3.0  76
 280.0  122476  0.996   676   749   749 997   0   0   0   1   1  -1   3.0  76
 285.0  121603  0.989   677   754   754 998   0   0   0   1   1  -1   3.0  76
 290.0  120327  0.979   677   760   760 998   0   0   0   1   1  -1   3.0  76
 295.0  118690  0.965   677   766   766 998   0   0   0   1   1  -1   3.0  76
 300.0  116739  0.950   677   772   772 970  25   3   2   0   0  -1   3.0  76
 305.0  114515  0.931   677   778   778 970  25   3   2   0   0  -1   3.0  76
 310.0  112062  0.911   677   783   783 969  25   4   2   0   0  -1   3.0  76
 315.0  109420  0.890   677   789   789 968  25   4   2   0   0  -1   3.0  76
 320.0  106627  0.867   677   795   795 968  25   5   3   0   0  -1   3.0  76
 325.0  103718  0.844   677   801   801 967  25   6   3   0   0  -1   3.0  76
 330.0  100726  0.819   678   807   807 966  25   7   3   0   0  -1   3.0  76
 335.0   97677  0.794   678   812   812 965  25   8   3   0   0  -1   3.0  76
 340.0   94599  0.769   678   818   818 963  24   9   4   0   0  -1   3.0  76
 345.0   91514  0.744   678   824   824 962  24  10   4   0   0  -1   3.0  76
 350.0   88440  0.719   678   830   830 960  24  11   4   0   0  -1   3.0  76
 355.0   85394  0.695   678   836   836 958  24  13   5   0   0  -1   3.0  76
 360.0   82391  0.670   678   842   842 956  24  14   5   0   0  -1   3.0  76
 365.0   79441  0.646   678   847   847 954  24  16   6   0   0  -1   3.0  76
 370.0   76555  0.623   678   853   853 951  24  19   6   0   0  -1   3.0  76
 375.0   73739  0.600   678   859   859 948  24  21   6   0   0  -1   3.0  76
 380.0   71000  0.577   678   865   865 945  24  24   7   0   0  -1   3.0  76
 385.0   68341  0.556   678   870   870 941  24  28   8   0   0  -1   3.0  76
 390.0   65767  0.535   678   876   876 937  23  31   8   0   0  -1   3.0  76
 395.0   63278  0.515   678   882   882 932  23  36   9   0   0  -1   3.0  76
 400.0   60877  0.495   678   887   887 927  23  40  10   0   0  -1   3.0  76
 405.0   58563  0.476   678   893   893 921  23  46  10   0   0  -1   3.0  76
 410.0   56336  0.458   678   898   899 914  23  52  11   0   0  -1   3.0  76
 415.0   54195  0.441   678   903   905 907  23  59  12   0   0  -1   3.0  76
 420.0   52139  0.424   678   908   911 898  22  67  13   0   0  -1   3.0  76
 425.0   50165  0.408   678   912   917 889  22  75  14   0   0  -1   3.0  76
 430.0   48272  0.393   678   915   923 879  22  85  15   0   0  -1   3.0  76
 435.0   46458  0.378   678   918   929 867  21  96  16   0   0  -1   3.0  76
 440.0   44720  0.364   678   919   935 854  21 108  17   0   0  -1   3.0  76
 445.0   43055  0.350   678   921   941 840  21 121  18   0   0  -1   3.0  76
 450.0   41462  0.337   678   922   947 825  20 135  19   0   0  -1   3.0  76
 455.0   39937  0.325   678   922   953 808  20 151  20   0   0  -1   3.0  76
 460.0   38478  0.313   678   923   959 790  19 169  22   0   0  -1   3.0  76
 465.0   37082  0.302   678   923   965 770  19 188  23   0   0  -1   3.0  76
 470.0   35747  0.291   678   923   971 749  18 208  24   0   0  -1   3.0  76
 475.0   34469  0.280   678   924   977 726  18 231  25   0   0  -1   3.0  76
 480.0   33247  0.270   678   924   982 702  17 254  27   0   0  -1   3.0  76
 485.0   32078  0.261   678   924   988 676  17 279  28   0   0  -1   3.0  76
 490.0   30960  0.252   678   924   994 650  16 305  29   0   0  -1   3.0  76
 495.0   29890  0.243   678   924  1000 622  15 333  30   0   0  -1   3.0  76
 500.0   28867  0.235   678   924  1006 593  15 361  31   0   0  -1   3.0  76
 505.0   27887  0.227   678   924  1012 564  14 390  32   0   0  -1   3.0  76
 510.0   26950  0.219   678   924  1018 534  13 420  33   0   0  -1   3.0  76
 515.0   26052  0.212   678   924  1024 504  13 449  34   0   0  -1   3.0  76
 520.0   25193  0.205   678   924  1030 475  12 479  34   0   0  -1   3.0  76
 525.0   24370  0.198   678   925  1037 446  11 508  35   0   0  -1   3.0  76
 530.0   23582  0.192   678   925  1043 418  11 536  35   0   0  -1   3.0  76
 535.0   22827  0.186   678   925  1049 390  10 564  35   0   0  -1   3.0  76
 540.0   22103  0.180   678   925  1056 364  10 590  36   0   0  -1   3.0  76
 545.0   21409  0.174   678   925  1063 340   9 615  36   0   0  -1   3.0  76
 550.0   20744  0.169   678   925  1070 317   9 639  36   0   0  -1   3.0  76
 555.0   20106  0.164   678   925  1077 295   9 661  36   0   0  -1   3.0  76
 560.0   19494  0.159   678   925  1085 275   8 681  36   0   0  -1   3.0  76
 565.0   18907  0.154   678   925  1093 256   8 700  36   0   0  -1   3.0  76
 570.0   18343  0.149   678   925  1101 239   8 718  35   0   0  -1   3.0  76
 575.0   17802  0.145   678   925  1110 222   8 734  35   0   0  -1   3.0  76
 580.0   17282  0.141   678   925  1118 207   8 750  35   0   0  -1   3.0  76
 585.0   16783  0.137   678   926  1127 193   7 764  35   0   0  -1   3.0  76
 590.0   16303  0.133   678   926  1135 180   7 778  35   0   0  -1   3.0  76
 595.0   15841  0.129   678   926  1144 168   7 790  34   0   0  -1   3.0  76
 600.0   15398  0.125   678   926  1152 157   7 802  34   0   0  -1   3.0  76
 605.0   14971  0.122   678   926  1161 146   7 813  34   0   0  -1   3.0  76
 610.0   14560  0.118   678   926  1170 136   7 823  34   0   0  -1   3.0  76
 615.0   14165  0.115   678   926  1178 127   7 833  33   0   0  -1   3.0  76
 620.0   13785  0.112   678   926  1187 118   7 842  33   0   0  -1   3.0  76
 625.0   13418  0.109   678   926  1196 110   7 850  33   0   0  -1   3.0  76
 630.0   13065  0.106   678   926  1204 103   7 858  32   0   0  -1   3.0  76
 635.0   12725  0.104   678   926  1213  96   7 866  32   0   0  -1   3.0  76
 640.0   12397  0.101   678   927  1222  89   7 873  31   0   0  -1   3.0  76
 645.0   12081  0.098   678   927  1230  83   7 880  31   0   0  -1   3.0  76
 650.0   11776  0.096   678   927  1239  77   6 886  31   0   0  -1   3.0  76
 655.0   11482  0.093   678   927  1247  71   6 892  30   0   0  -1   3.0  76
 660.0   11198  0.091   678   927  1256  66   6 897  30   0   0  -1   3.0  76
 665.0   10925  0.089   678   927  1265  62   6 903  29   0   0  -1   3.0  76
 670.0   10660  0.087   678   927  1273  57   6 908  29   0   0  -1   3.0  76
 675.0   10405  0.085   678   927  1282  53   6 912  29   0   0  -1   3.0  76
 680.0   10158  0.083   678   927  1291  49   6 916  28   0   0  -1   3.0  76
 685.0    9919  0.081   678   927  1299  46   6 920  28   0   0  -1   3.0  76
 690.0    9689  0.079   678   927  1308  43   6 924  27   0   0  -1   3.0  76
 695.0    9466  0.077   678   927  1317  40   6 927  27   0   0  -1   3.0  76
 700.0    9250  0.075   678   928  1325  37   6 931  27   0   0  -1   3.0  76
 705.0    9041  0.074   678   928  1334  35   6 934  26   0   0  -1   3.0  76
 710.0    8839  0.072   678   928  1342  32   6 936  26   0   0  -1   3.0  76
 715.0    8644  0.070   678   928  1351  30   6 939  26   0   0  -1   3.0  76
 720.0    8455  0.069   678   928  1360  28   5 941  25   0   0  -1   3.0  76
 725.0    8272  0.067   678   928  1368  27   5 943  25   0   0  -1   3.0  76
 730.0    8094  0.066   678   928  1377  25   5 945  25   0   0  -1   3.0  76
 735.0    7922  0.064   678   928  1386  24   5 947  24   0   0  -1   3.0  76
 740.0    7755  0.063   678   928  1394  22   5 948  24   0   0  -1   3.0  76
 745.0    7594  0.062   678   928  1403  21   5 949  24   0   0  -1   3.0  76
