yyyy/mmdd(or -ddd)/hh.h):2008/ 101/ 6.0LT  geog Lat/Long/Alt=-25.0/ 125.0/ 300.0

NeQuick is used for topside Ne profile
URSI maps are used for the F2 peak density (NmF2)
foF2 STORM model is turned on 
Shubin2015model is used for F2 peak height (hmF2)
ABT-2009 option is used for the bottomside thickness parameter B0
Scotto-97 no L   option is used for the F1 occurrence probability
foE auroral storm model is turned off
IRI-1990   option is used for D-region
TBT-2012 with solar dependence is used for the electron temperature
RBV10+TBT15 option is used for ion composition
CGM coordinates not computed
auroral boundaries not computed

Peak Densities/cm-3: NmF2= 191612.0   NmF1=      0.0   NmE=  46636.4
Peak Heights/km:     hmF2=   226.86   hmF1=     0.00   hmE=   110.00

Solar Zenith Angle/degree                              81.3
Dip (Magnetic Inclination)/degree                     -57.93
Modip (Modified Dip)/degree                           -46.73
Solar Sunspot Number (12-months running mean) Rz12      4.5           
Ionospheric-Effective Solar Index IG12                 -5.5           
Solar radio flux F10.7 (daily)                         76.7           
Solar radio flux F10.7 (81-day average)                72.9           

TEC [1.E16 m-2] is obtained by numerical integration in 1km steps
  from 50 to 2000.0 km. t is the percentage of TEC above the F peak.

-
   H   ELECTRON DENSITY   TEMPERATURES      ION PERCENTAGES[%]*10    1E16m-2
   km  Ne/cm-3 Ne/NmF2 Tn/K  Ti/K  Te/K  O+  N+  H+ He+ O2+ NO+ Clust TEC t/%
   0.0      -1 -1.000    -1    -1    -1  -1  -1  -1  -1  -1  -1  -1   4.9  72
   5.0      -1 -1.000    -1    -1    -1  -1  -1  -1  -1  -1  -1  -1   4.9  72
  10.0      -1 -1.000    -1    -1    -1  -1  -1  -1  -1  -1  -1  -1   4.9  72
  15.0      -1 -1.000    -1    -1    -1  -1  -1  -1  -1  -1  -1  -1   4.9  72
  20.0      -1 -1.000    -1    -1    -1  -1  -1  -1  -1  -1  -1  -1   4.9  72
  25.0      -1 -1.000    -1    -1    -1  -1  -1  -1  -1  -1  -1  -1   4.9  72
  30.0      -1 -1.000    -1    -1    -1  -1  -1  -1  -1  -1  -1  -1   4.9  72
  35.0      -1 -1.000    -1    -1    -1  -1  -1  -1  -1  -1  -1  -1   4.9  72
  40.0      -1 -1.000    -1    -1    -1  -1  -1  -1  -1  -1  -1  -1   4.9  72
  45.0      -1 -1.000    -1    -1    -1  -1  -1  -1  -1  -1  -1  -1   4.9  72
  50.0      -1 -1.000    -1    -1    -1  -1  -1  -1  -1  -1  -1  -1   4.9  72
  55.0      -1 -1.000    -1    -1    -1  -1  -1  -1  -1  -1  -1  -1   4.9  72
  60.0      -1 -1.000   247   247   247  -1  -1  -1  -1  -1  -1  -1   4.9  72
  65.0      18  0.000   232   232   232  -1  -1  -1  -1  -1  -1  -1   4.9  72
  70.0      96  0.001   218   218   218  -1  -1  -1  -1  -1  -1  -1   4.9  72
  75.0     235  0.001   205   205   205  -1  -1  -1  -1  -1  -1  -1   4.9  72
  80.0     358  0.002   193   193   193   0   0   0   0   3 997  -1   4.9  72
  85.0     545  0.003   181   181   181   0   0   0   0   5 995  -1   4.9  72
  90.0    5047  0.026   173   173   173   0   0   0   0  46 954  -1   4.9  72
  95.0   20726  0.108   168   168   168   0   0   0   0 190 810  -1   4.9  72
 100.0   38347  0.200   175   175   175   0   0   0   0 318 682  -1   4.9  72
 105.0   45840  0.239   204   204   204   0   0   0   0 376 624  -1   4.9  72
 110.0   46636  0.243   255   255   255   0   0   0   0 366 633  -1   4.9  72
 115.0   43246  0.226   319   319   319   0   0   0   0 318 681  -1   4.9  72
 120.0   39602  0.207   384   384   384   0   0   0   0 271 728  -1   4.9  72
 125.0   40348  0.211   433   433   458   1   0   0   0 250 748  -1   4.9  72
 130.0   44656  0.233   471   471   532   2   0   0   0 258 739  -1   4.9  72
 135.0   50053  0.261   504   504   606   4   0   0   0 285 709  -1   4.9  72
 140.0   56909  0.297   533   533   680   6   0   0   0 316 674  -1   4.9  72
 145.0   64655  0.337   559   559   753  11   1   0   0 336 649  -1   4.9  72
 150.0   73402  0.383   582   582   827  19   1   0   0 340 636  -1   4.9  72
 155.0   83269  0.435   602   602   901  32   2   0   0 332 627  -1   4.9  72
 160.0   94305  0.492   619   619   975  53   2   0   0 319 617  -1   4.9  72
 165.0  105781  0.552   634   634  1048  84   3   0   0 296 607  -1   4.9  72
 170.0  117322  0.612   648   648  1122 126   4   0   0 271 587  -1   4.9  72
 175.0  128698  0.672   660   660  1196 179   5   0   0 247 556  -1   4.9  72
 180.0  139669  0.729   670   670  1269 243   6   0   0 222 514  -1   4.9  72
 185.0  150000  0.783   679   679  1343 315   6   0   0 196 465  -1   4.9  72
 190.0  159476  0.832   687   687  1415 393   7   0   0 171 411  -1   4.9  72
 195.0  167906  0.876   695   695  1486 473   8   0   0 147 355  -1   4.9  72
 200.0  175137  0.914   701   701  1552 550   8   0   0 125 300  -1   4.9  72
 205.0  181064  0.945   706   711  1608 623   8   0   0 104 249  -1   4.9  72
 210.0  185632  0.969   711   721  1648 690   8   0   0  85 202  -1   4.9  72
 215.0  188846  0.986   716   731  1671 748   9   0   0  69 161  -1   4.9  72
 220.0  190774  0.996   719   741  1681 797   9   0   0  56 127  -1   4.9  72
 225.0  191561  1.000   723   751  1686 837   9   0   0  45 100  -1   4.9  72
 230.0  191461  0.999   726   761  1688 866   9   0   0  36  80  -1   4.9  72
 235.0  190622  0.995   728   771  1689 882  10   0   0  30  68  -1   4.9  72
 240.0  189102  0.987   730   781  1689 895  12   0   0  25  59  -1   4.9  72
 245.0  186965  0.976   732   791  1689 906  13   0   0  21  51  -1   4.9  72
 250.0  184282  0.962   734   801  1690 915  14   0   0  18  44  -1   4.9  72
 255.0  181121  0.945   736   812  1690 923  16   0   0  15  38  -1   4.9  72
 260.0  177550  0.927   737   822  1690 929  17   0   0  13  33  -1   4.9  72
 265.0  173636  0.906   738   832  1690 934  19   0   0  11  28  -1   4.9  72
 270.0  169442  0.884   740   842  1690 938  20   0   0  10  25  -1   4.9  72
 275.0  165025  0.861   740   852  1691 941  22   0   0   8  21  -1   4.9  72
 280.0  160440  0.837   741   862  1691 944  24   0   0   7  19  -1   4.9  72
 285.0  155736  0.813   742   872  1691 945  26   0   0   6  16  -1   4.9  72
 290.0  150956  0.788   743   882  1691 947  28   0   0   5  14  -1   4.9  72
 295.0  146139  0.763   743   892  1692 948  29   0   0   4  12  -1   4.9  72
 300.0  141318  0.738   744   902  1692 982  14   3   0   0   0  -1   4.9  72
 305.0  136524  0.713   744   912  1692 982  14   3   0   0   0  -1   4.9  72
 310.0  131780  0.688   745   922  1692 981  15   4   0   0   0  -1   4.9  72
 315.0  127108  0.663   745   932  1692 981  15   4   0   0   0  -1   4.9  72
 320.0  122524  0.639   745   942  1693 980  15   4   0   0   0  -1   4.9  72
 325.0  118043  0.616   746   952  1693 980  15   5   0   0   0  -1   4.9  72
 330.0  113676  0.593   746   962  1693 979  16   5   0   0   0  -1   4.9  72
 335.0  109431  0.571   746   973  1694 978  16   5   0   0   0  -1   4.9  72
 340.0  105315  0.550   746   983  1694 978  16   6   0   0   0  -1   4.9  72
 345.0  101331  0.529   746   993  1695 977  16   6   0   0   0  -1   4.9  72
 350.0   97482  0.509   747  1003  1696 976  17   7   1   0   0  -1   4.9  72
 355.0   93770  0.489   747  1013  1698 976  17   7   1   0   0  -1   4.9  72
 360.0   90195  0.471   747  1023  1700 975  17   7   1   0   0  -1   4.9  72
 365.0   86756  0.453   747  1033  1702 974  17   8   1   0   0  -1   4.9  72
 370.0   83451  0.436   747  1043  1705 973  18   9   1   0   0  -1   4.9  72
 375.0   80278  0.419   747  1053  1707 972  18   9   1   0   0  -1   4.9  72
 380.0   77234  0.403   747  1063  1710 971  18  10   1   0   0  -1   4.9  72
 385.0   74315  0.388   747  1073  1713 970  18  11   1   0   0  -1   4.9  72
 390.0   71518  0.373   747  1083  1715 969  19  11   1   0   0  -1   4.9  72
 395.0   68840  0.359   747  1093  1718 968  19  12   1   0   0  -1   4.9  72
 400.0   66275  0.346   747  1104  1721 967  19  13   1   0   0  -1   4.9  72
 405.0   63820  0.333   747  1114  1724 966  20  14   1   0   0  -1   4.9  72
 410.0   61472  0.321   748  1124  1726 964  20  15   1   0   0  -1   4.9  72
 415.0   59225  0.309   748  1135  1729 963  20  16   1   0   0  -1   4.9  72
 420.0   57076  0.298   748  1146  1732 962  20  17   1   0   0  -1   4.9  72
 425.0   55020  0.287   748  1157  1734 960  21  18   1   0   0  -1   4.9  72
 430.0   53054  0.277   748  1169  1737 958  21  20   1   0   0  -1   4.9  72
 435.0   51173  0.267   748  1181  1740 957  21  21   1   0   0  -1   4.9  72
 440.0   49374  0.258   748  1194  1742 955  22  22   1   0   0  -1   4.9  72
 445.0   47654  0.249   748  1207  1745 953  22  24   1   0   0  -1   4.9  72
 450.0   46008  0.240   748  1220  1748 951  22  26   1   0   0  -1   4.9  72
 455.0   44433  0.232   748  1233  1750 949  23  27   1   0   0  -1   4.9  72
 460.0   42926  0.224   748  1247  1753 947  23  29   1   0   0  -1   4.9  72
 465.0   41484  0.217   748  1260  1756 944  23  31   1   0   0  -1   4.9  72
 470.0   40104  0.209   748  1274  1758 942  23  33   1   0   0  -1   4.9  72
 475.0   38782  0.202   748  1288  1761 939  24  36   1   0   0  -1   4.9  72
 480.0   37516  0.196   748  1301  1764 936  24  38   1   0   0  -1   4.9  72
 485.0   36304  0.189   748  1315  1766 933  24  41   1   0   0  -1   4.9  72
 490.0   35143  0.183   748  1329  1769 930  25  44   2   0   0  -1   4.9  72
 495.0   34030  0.178   748  1343  1772 927  25  46   2   0   0  -1   4.9  72
 500.0   32963  0.172   748  1357  1775 923  25  50   2   0   0  -1   4.9  72
 505.0   31940  0.167   748  1370  1777 920  26  53   2   0   0  -1   4.9  72
 510.0   30959  0.162   748  1384  1780 916  26  56   2   0   0  -1   4.9  72
 515.0   30018  0.157   748  1398  1783 912  26  60   2   0   0  -1   4.9  72
 520.0   29115  0.152   748  1412  1787 908  27  63   2   0   0  -1   4.9  72
 525.0   28248  0.147   748  1425  1790 904  27  67   2   0   0  -1   4.9  72
 530.0   27415  0.143   748  1439  1794 899  27  71   2   0   0  -1   4.9  72
 535.0   26616  0.139   748  1453  1799 895  28  75   2   0   0  -1   4.9  72
 540.0   25848  0.135   748  1467  1805 890  28  79   2   0   0  -1   4.9  72
 545.0   25110  0.131   748  1480  1812 886  29  83   2   0   0  -1   4.9  72
 550.0   24400  0.127   748  1494  1821 881  29  88   2   0   0  -1   4.9  72
 555.0   23718  0.124   748  1508  1832 876  29  92   2   0   0  -1   4.9  72
 560.0   23062  0.120   748  1522  1844 872  30  96   2   0   0  -1   4.9  72
 565.0   22430  0.117   748  1536  1858 867  30 100   2   0   0  -1   4.9  72
 570.0   21822  0.114   748  1549  1872 862  31 104   2   0   0  -1   4.9  72
 575.0   21237  0.111   748  1563  1888 858  31 108   2   0   0  -1   4.9  72
 580.0   20674  0.108   748  1577  1904 853  32 113   3   0   0  -1   4.9  72
 585.0   20131  0.105   748  1591  1920 848  33 117   3   0   0  -1   4.9  72
 590.0   19608  0.102   748  1604  1937 843  33 121   3   0   0  -1   4.9  72
 595.0   19103  0.100   748  1618  1954 838  34 125   3   0   0  -1   4.9  72
 600.0   18617  0.097   748  1632  1970 834  34 129   3   0   0  -1   4.9  72
 605.0   18148  0.095   748  1646  1987 829  35 134   3   0   0  -1   4.9  72
 610.0   17696  0.092   748  1659  2004 824  36 138   3   0   0  -1   4.9  72
 615.0   17259  0.090   748  1673  2021 819  36 143   3   0   0  -1   4.9  72
 620.0   16838  0.088   748  1687  2038 813  37 147   3   0   0  -1   4.9  72
 625.0   16431  0.086   748  1701  2055 808  37 152   3   0   0  -1   4.9  72
 630.0   16038  0.084   748  1715  2072 803  38 156   3   0   0  -1   4.9  72
 635.0   15658  0.082   748  1728  2088 797  39 161   3   0   0  -1   4.9  72
 640.0   15291  0.080   748  1742  2105 792  39 166   3   0   0  -1   4.9  72
 645.0   14936  0.078   748  1756  2122 786  40 171   3   0   0  -1   4.9  72
 650.0   14593  0.076   748  1770  2139 780  41 176   3   0   0  -1   4.9  72
 655.0   14262  0.074   748  1783  2156 774  42 181   3   0   0  -1   4.9  72
 660.0   13941  0.073   748  1797  2173 768  42 186   3   0   0  -1   4.9  72
 665.0   13630  0.071   748  1811  2190 762  43 192   3   0   0  -1   4.9  72
 670.0   13329  0.070   748  1825  2207 756  44 197   3   0   0  -1   4.9  72
 675.0   13038  0.068   748  1838  2224 750  44 203   3   0   0  -1   4.9  72
 680.0   12756  0.067   748  1852  2241 743  45 208   3   0   0  -1   4.9  72
 685.0   12483  0.065   748  1866  2257 737  46 214   3   0   0  -1   4.9  72
 690.0   12218  0.064   748  1880  2274 730  46 220   3   0   0  -1   4.9  72
 695.0   11961  0.062   748  1894  2291 724  47 226   3   0   0  -1   4.9  72
 700.0   11713  0.061   748  1907  2308 717  48 232   3   0   0  -1   4.9  72
 705.0   11471  0.060   748  1921  2325 710  48 238   3   0   0  -1   4.9  72
 710.0   11237  0.059   748  1935  2342 704  49 244   3   0   0  -1   4.9  72
 715.0   11010  0.057   748  1949  2359 697  50 250   3   0   0  -1   4.9  72
 720.0   10790  0.056   748  1962  2376 690  50 256   3   0   0  -1   4.9  72
 725.0   10576  0.055   748  1976  2392 683  51 262   3   0   0  -1   4.9  72
 730.0   10369  0.054   748  1990  2409 677  51 268   4   0   0  -1   4.9  72
 735.0   10167  0.053   748  2004  2426 670  52 275   4   0   0  -1   4.9  72
 740.0    9971  0.052   748  2017  2443 663  52 281   4   0   0  -1   4.9  72
 745.0    9781  0.051   748  2031  2460 657  53 287   4   0   0  -1   4.9  72