yyyy/mmdd(or -ddd)/hh.h):2012/ 330/ 0.0UT  geog Lat/Long/Alt= 69.0/  19.0/ 300.0

NeQuick is used for topside Ne profile
URSI maps are used for the F2 peak density (NmF2)
foF2 STORM model is turned on 
Shubin2015model is used for F2 peak height (hmF2)
ABT-2009 option is used for the bottomside thickness parameter B0
Scotto-97 no L   option is used for the F1 occurrence probability
foE auroral storm model is turned off
IRI-1990   option is used for D-region
TBT-2012 with solar dependence is used for the electron temperature
RBV10+TBT15 option is used for ion composition
CGM coordinates not computed
auroral boundaries not computed

Peak Densities/cm-3: NmF2= 156826.9   NmF1=      0.0   NmE=   2737.3
Peak Heights/km:     hmF2=   308.43   hmF1=     0.00   hmE=   110.00

Solar Zenith Angle/degree                             105.4
Dip (Magnetic Inclination)/degree                      77.77
Modip (Modified Dip)/degree                            66.20
Solar Sunspot Number (12-months running mean) Rz12     65.7           
Ionospheric-Effective Solar Index IG12                 80.1           
Solar radio flux F10.7 (daily)                        110.4           
Solar radio flux F10.7 (81-day average)               113.1           

TEC [1.E16 m-2] is obtained by numerical integration in 1km steps
  from 50 to 2000.0 km. t is the percentage of TEC above the F peak.

-
   H   ELECTRON DENSITY   TEMPERATURES      ION PERCENTAGES[%]*10    1E16m-2
   km  Ne/cm-3 Ne/NmF2 Tn/K  Ti/K  Te/K  O+  N+  H+ He+ O2+ NO+ Clust TEC t/%
   0.0      -1 -1.000    -1    -1    -1  -1  -1  -1  -1  -1  -1  -1   4.6  74
   5.0      -1 -1.000    -1    -1    -1  -1  -1  -1  -1  -1  -1  -1   4.6  74
  10.0      -1 -1.000    -1    -1    -1  -1  -1  -1  -1  -1  -1  -1   4.6  74
  15.0      -1 -1.000    -1    -1    -1  -1  -1  -1  -1  -1  -1  -1   4.6  74
  20.0      -1 -1.000    -1    -1    -1  -1  -1  -1  -1  -1  -1  -1   4.6  74
  25.0      -1 -1.000    -1    -1    -1  -1  -1  -1  -1  -1  -1  -1   4.6  74
  30.0      -1 -1.000    -1    -1    -1  -1  -1  -1  -1  -1  -1  -1   4.6  74
  35.0      -1 -1.000    -1    -1    -1  -1  -1  -1  -1  -1  -1  -1   4.6  74
  40.0      -1 -1.000    -1    -1    -1  -1  -1  -1  -1  -1  -1  -1   4.6  74
  45.0      -1 -1.000    -1    -1    -1  -1  -1  -1  -1  -1  -1  -1   4.6  74
  50.0      -1 -1.000    -1    -1    -1  -1  -1  -1  -1  -1  -1  -1   4.6  74
  55.0      -1 -1.000    -1    -1    -1  -1  -1  -1  -1  -1  -1  -1   4.6  74
  60.0      -1 -1.000   248   248   248  -1  -1  -1  -1  -1  -1  -1   4.6  74
  65.0      -1 -1.000   239   239   239  -1  -1  -1  -1  -1  -1  -1   4.6  74
  70.0      -1 -1.000   229   229   229  -1  -1  -1  -1  -1  -1  -1   4.6  74
  75.0      -1 -1.000   217   217   217  -1  -1  -1  -1  -1  -1  -1   4.6  74
  80.0      47  0.000   211   211   211   0   0   0   0   01000  -1   4.6  74
  85.0     348  0.002   206   206   206   0   0   0   0   3 997  -1   4.6  74
  90.0     592  0.004   197   197   197   0   0   0   0   5 995  -1   4.6  74
  95.0    1989  0.013   185   185   185   0   0   0   0  20 980  -1   4.6  74
 100.0    2625  0.017   181   181   181   0   0   0   0  35 965  -1   4.6  74
 105.0    2734  0.017   199   199   199   0   0   0   0  42 958  -1   4.6  74
 110.0    2737  0.017   238   238   238   0   0   0   0  47 953  -1   4.6  74
 115.0    2324  0.015   292   292   292   0   0   0   0  43 957  -1   4.6  74
 120.0    1684  0.011   358   358   358   0   0   0   0  32 968  -1   4.6  74
 125.0    1247  0.008   431   431   431   0   0   0   0  25 975  -1   4.6  74
 130.0    1035  0.007   497   497   497   0   0   0   0  21 978  -1   4.6  74
 135.0     992  0.006   556   556   556   0   0   0   0  22 978  -1   4.6  74
 140.0    1078  0.007   607   607   619   1   0   0   0  25 974  -1   4.6  74
 145.0    1273  0.008   651   651   685   1   0   0   0  32 967  -1   4.6  74
 150.0    1548  0.010   691   691   750   2   0   0   0  40 958  -1   4.6  74
 155.0    1865  0.012   725   725   815   3   0   0   0  51 947  -1   4.6  74
 160.0    2210  0.014   756   756   880   4   0   0   0  55 940  -1   4.6  74
 165.0    2688  0.017   782   782   945   6   0   0   0  62 931  -1   4.6  74
 170.0   18533  0.118   806   806  1010  49   0   0   0 251 699  -1   4.6  74
 175.0   20978  0.134   827   827  1074  68   0   0   0 256 674  -1   4.6  74
 180.0   23685  0.151   845   845  1136  93   0   0   0 260 644  -1   4.6  74
 185.0   26673  0.170   861   861  1194 125   0   0   0 263 609  -1   4.6  74
 190.0   29957  0.191   875   875  1243 165   0   0   0 263 568  -1   4.6  74
 195.0   33552  0.214   887   887  1281 215   0   0   0 260 522  -1   4.6  74
 200.0   37471  0.239   898   898  1309 275   1   0   0 251 470  -1   4.6  74
 205.0   41724  0.266   908   910  1332 343   1   0   0 236 416  -1   4.6  74
 210.0   46318  0.295   916   923  1351 417   1   0   0 217 361  -1   4.6  74
 215.0   51256  0.327   924   935  1370 493   1   0   0 194 308  -1   4.6  74
 220.0   56533  0.360   930   947  1388 569   1   0   0 168 257  -1   4.6  74
 225.0   62142  0.396   936   959  1406 640   1   0   0 143 212  -1   4.6  74
 230.0   68067  0.434   941   971  1424 704   1   0   0 118 172  -1   4.6  74
 235.0   74284  0.474   946   983  1442 760   1   0   0  97 138  -1   4.6  74
 240.0   80763  0.515   950   996  1459 807   1   0   0  78 110  -1   4.6  74
 245.0   87461  0.558   953  1008  1477 844   1   0   0  62  89  -1   4.6  74
 250.0   94328  0.601   956  1020  1495 874   1   0   0  49  72  -1   4.6  74
 255.0  101304  0.646   959  1032  1513 899   1   0   0  39  58  -1   4.6  74
 260.0  108316  0.691   961  1044  1531 918   1   0   0  31  47  -1   4.6  74
 265.0  115284  0.735   963  1057  1549 934   1   0   0  24  38  -1   4.6  74
 270.0  122114  0.779   965  1069  1567 946   1   0   0  19  31  -1   4.6  74
 275.0  128706  0.821   967  1081  1584 956   1   0   0  15  26  -1   4.6  74
 280.0  134946  0.860   968  1093  1602 964   1   0   0  12  21  -1   4.6  74
 285.0  140716  0.897   970  1105  1620 970   1   0   0  10  18  -1   4.6  74
 290.0  145881  0.930   971  1118  1638 975   1   0   0   8  15  -1   4.6  74
 295.0  150297  0.958   972  1130  1656 979   1   0   0   6  12  -1   4.6  74
 300.0  153793  0.981   973  1142  1674 978  20   1   0   0   0  -1   4.6  74