yyyy/mmdd(or -ddd)/hh.h):2012/ 330/ 6.0UT  geog Lat/Long/Alt= 19.0/  69.0/ 300.0

IRIcor2 is used for topside Ne profile
URSI maps are used for the F2 peak density (NmF2)
foF2 STORM model is turned on 
Shubin2015model is used for F2 peak height (hmF2)
ABT-2009 option is used for the bottomside thickness parameter B0
Scotto-97 no L   option is used for the F1 occurrence probability
foE auroral storm model is turned off
IRI-1990   option is used for D-region
TBT-2012 with solar dependence is used for the electron temperature
Tru-2021 option is used for the ion temperature
RBV10+TBT15 option is used for ion composition
CGM coordinates not computed
auroral boundaries not computed

Peak Densities/cm-3: NmF2=1876059.2   NmF1= 311120.7   NmE= 168230.2
Peak Heights/km:     hmF2=   347.22   hmF1=   156.81   hmE=   110.00

Solar Zenith Angle/degree                              25.9
Dip (Magnetic Inclination)/degree                      26.81
Modip (Modified Dip)/degree                            25.70
Solar Sunspot Number (12-months running mean) Rz12     65.7           
Ionospheric-Effective Solar Index IG12                 80.1           
Solar radio flux F10.7 (daily)                        110.4           
Solar radio flux F10.7 (81-day average)               113.1           

TEC [1.E16 m-2] is obtained by numerical integration in 1km steps
  from 50 to  2000.0 km. t is the percentage of TEC above the F peak.

-
    H   ELECTRON DENSITY    TEMPERATURES      ION PERCENTAGES[%]*10     1E16m-2
    km    Ne/cm-3 Ne/NmF2 Tn/K  Ti/K  Te/K  O+  N+  H+ He+ O2+ NO+ Clust TEC t/%
    0.0-0.1000E-05-1.000    -1    -1    -1  -1  -1  -1  -1  -1  -1  -1  51.1  55
    5.0-0.1000E-05-1.000    -1    -1    -1  -1  -1  -1  -1  -1  -1  -1  51.1  55
   10.0-0.1000E-05-1.000    -1    -1    -1  -1  -1  -1  -1  -1  -1  -1  51.1  55
   15.0-0.1000E-05-1.000    -1    -1    -1  -1  -1  -1  -1  -1  -1  -1  51.1  55
   20.0-0.1000E-05-1.000    -1    -1    -1  -1  -1  -1  -1  -1  -1  -1  51.1  55
   25.0-0.1000E-05-1.000    -1    -1    -1  -1  -1  -1  -1  -1  -1  -1  51.1  55
   30.0-0.1000E-05-1.000    -1    -1    -1  -1  -1  -1  -1  -1  -1  -1  51.1  55
   35.0-0.1000E-05-1.000    -1    -1    -1  -1  -1  -1  -1  -1  -1  -1  51.1  55
   40.0-0.1000E-05-1.000    -1    -1    -1  -1  -1  -1  -1  -1  -1  -1  51.1  55
   45.0-0.1000E-05-1.000    -1    -1    -1  -1  -1  -1  -1  -1  -1  -1  51.1  55
   50.0-0.1000E-05-1.000    -1    -1    -1  -1  -1  -1  -1  -1  -1  -1  51.1  55
   55.0-0.1000E-05-1.000    -1    -1    -1  -1  -1  -1  -1  -1  -1  -1  51.1  55
   60.0-0.1000E-05-1.000   243   243   243  -1  -1  -1  -1  -1  -1  -1  51.1  55
   65.0 0.1155E+03 0.000   230   230   230  -1  -1  -1  -1  -1  -1  -1  51.1  55
   70.0 0.4130E+03 0.000   219   219   219  -1  -1  -1  -1  -1  -1  -1  51.1  55
   75.0 0.7724E+03 0.000   212   212   212  -1  -1  -1  -1  -1  -1  -1  51.1  55
   80.0 0.1002E+04 0.001   205   205   205   0   0   0   0   7 993  -1  51.1  55
   85.0 0.2030E+04 0.001   198   198   198   0   0   0   0  16 984  -1  51.1  55
   90.0 0.2186E+05 0.012   190   190   190   0   0   0   0 151 849  -1  51.1  55
   95.0 0.8015E+05 0.043   182   182   182   0   0   0   0 429 571  -1  51.1  55
  100.0 0.1408E+06 0.075   182   182   182   0   0   0   0 600 400  -1  51.1  55
  105.0 0.1656E+06 0.088   200   200   200   0   0   0   0 476 523  -1  51.1  55
  110.0 0.1682E+06 0.090   234   234   234   0   0   0   0 382 617  -1  51.1  55
  115.0 0.1647E+06 0.088   279   279   279   1   0   0   0 363 635  -1  51.1  55
  120.0 0.1911E+06 0.102   335   335   335   3   0   0   0 380 615  -1  51.1  55
  125.0 0.2173E+06 0.116   402   402   407   9   1   0   0 356 632  -1  51.1  55
  130.0 0.2369E+06 0.126   465   465   479  19   1   0   0 327 648  -1  51.1  55
  135.0 0.2534E+06 0.135   521   521   550  37   2   0   0 306 649  -1  51.1  55
  140.0 0.2692E+06 0.144   571   571   622  62   2   0   0 290 637  -1  51.1  55
  145.0 0.2843E+06 0.152   615   615   694  97   3   0   0 274 616  -1  51.1  55
  150.0 0.2979E+06 0.159   653   653   765 140   4   0   0 255 588  -1  51.1  55
  155.0 0.3088E+06 0.165   687   687   837 192   4   0   0 235 554  -1  51.1  55
  160.0 0.3286E+06 0.175   717   717   909 256   5   0   0 213 510  -1  51.1  55
  165.0 0.3574E+06 0.191   744   744   980 332   6   0   0 189 456  -1  51.1  55
  170.0 0.3881E+06 0.207   768   768  1052 414   7   0   0 164 398  -1  51.1  55
  175.0 0.4207E+06 0.224   789   789  1124 496   7   0   0 139 339  -1  51.1  55
  180.0 0.4552E+06 0.243   807   807  1196 575   8   0   0 116 283  -1  51.1  55
  185.0 0.4916E+06 0.262   823   823  1267 649   8   0   0  95 231  -1  51.1  55
  190.0 0.5300E+06 0.283   838   838  1339 714   8   0   0  77 186  -1  51.1  55
  195.0 0.5703E+06 0.304   851   851  1411 769   8   0   0  61 148  -1  51.1  55
  200.0 0.6125E+06 0.326   862   862  1482 815   8   0   0  49 116  -1  51.1  55
  205.0 0.6565E+06 0.350   872   872  1554 852   8   0   0  38  90  -1  51.1  55
  210.0 0.7024E+06 0.374   881   881  1626 882   8   0   0  30  70  -1  51.1  55
  215.0 0.7500E+06 0.400   889   889  1697 906   8   0   0  24  54  -1  51.1  55
  220.0 0.7992E+06 0.426   896   896  1769 925   8   0   0  19  42  -1  51.1  55
  225.0 0.8499E+06 0.453   902   902  1841 940   8   0   0  15  32  -1  51.1  55
  230.0 0.9020E+06 0.481   907   907  1912 951   7   0   0  11  25  -1  51.1  55
  235.0 0.9553E+06 0.509   912   912  1982 960   7   0   0   9  19  -1  51.1  55
  240.0 0.1010E+07 0.538   916   916  2051 968   7   0   0   7  15  -1  51.1  55
  245.0 0.1065E+07 0.568   920   920  2115 973   7   0   0   6  11  -1  51.1  55
  250.0 0.1120E+07 0.597   924   924  2167 978   7   0   0   4   9  -1  51.1  55
  255.0 0.1177E+07 0.627   927   927  2198 981   7   0   0   3   7  -1  51.1  55
  260.0 0.1233E+07 0.657   929   929  2198 984   6   0   0   3   5  -1  51.1  55
  265.0 0.1289E+07 0.687   932   932  2170 987   6   0   0   2   4  -1  51.1  55
  270.0 0.1344E+07 0.716   934   934  2126 988   6   0   0   2   3  -1  51.1  55
  275.0 0.1398E+07 0.745   936   936  2073 990   6   0   0   1   2  -1  51.1  55
  280.0 0.1452E+07 0.774   937   937  2017 991   6   0   0   1   2  -1  51.1  55
  285.0 0.1503E+07 0.801   939   939  1960 992   6   0   0   1   1  -1  51.1  55
  290.0 0.1553E+07 0.828   940   940  1903 992   6   0   0   1   1  -1  51.1  55
  295.0 0.1601E+07 0.853   941   941  1845 993   6   0   0   0   1  -1  51.1  55
  300.0 0.1646E+07 0.877   942   942  1787 988  12   0   0   0   0  -1  51.1  55