yyyy/mmdd(or -ddd)/hh.h):2012/ 330/ 6.0UT  geog Lat/Long/Alt= 69.0/  19.0/ 300.0

NeQuick is used for topside Ne profile
URSI maps are used for the F2 peak density (NmF2)
foF2 STORM model is turned on 
Shubin2015model is used for F2 peak height (hmF2)
ABT-2009 option is used for the bottomside thickness parameter B0
Scotto-97 no L   option is used for the F1 occurrence probability
foE auroral storm model is turned off
IRI-1990   option is used for D-region
TBT-2012 with solar dependence is used for the electron temperature
RBV10+TBT15 option is used for ion composition
CGM coordinates not computed
auroral boundaries not computed

Peak Densities/cm-3: NmF2= 298216.5   NmF1=      0.0   NmE=  59642.1
Peak Heights/km:     hmF2=   257.10   hmF1=     0.00   hmE=   110.00

Solar Zenith Angle/degree                              79.3
Dip (Magnetic Inclination)/degree                      77.77
Modip (Modified Dip)/degree                            66.20
Solar Sunspot Number (12-months running mean) Rz12     65.7           
Ionospheric-Effective Solar Index IG12                 80.1           
Solar radio flux F10.7 (daily)                        110.4           
Solar radio flux F10.7 (81-day average)               113.1           

TEC [1.E16 m-2] is obtained by numerical integration in 1km steps
  from 50 to 2000.0 km. t is the percentage of TEC above the F peak.

-
   H   ELECTRON DENSITY   TEMPERATURES      ION PERCENTAGES[%]*10    1E16m-2
   km  Ne/cm-3 Ne/NmF2 Tn/K  Ti/K  Te/K  O+  N+  H+ He+ O2+ NO+ Clust TEC t/%
   0.0      -1 -1.000    -1    -1    -1  -1  -1  -1  -1  -1  -1  -1   9.2  70
   5.0      -1 -1.000    -1    -1    -1  -1  -1  -1  -1  -1  -1  -1   9.2  70
  10.0      -1 -1.000    -1    -1    -1  -1  -1  -1  -1  -1  -1  -1   9.2  70
  15.0      -1 -1.000    -1    -1    -1  -1  -1  -1  -1  -1  -1  -1   9.2  70
  20.0      -1 -1.000    -1    -1    -1  -1  -1  -1  -1  -1  -1  -1   9.2  70
  25.0      -1 -1.000    -1    -1    -1  -1  -1  -1  -1  -1  -1  -1   9.2  70
  30.0      -1 -1.000    -1    -1    -1  -1  -1  -1  -1  -1  -1  -1   9.2  70
  35.0      -1 -1.000    -1    -1    -1  -1  -1  -1  -1  -1  -1  -1   9.2  70
  40.0      -1 -1.000    -1    -1    -1  -1  -1  -1  -1  -1  -1  -1   9.2  70
  45.0      -1 -1.000    -1    -1    -1  -1  -1  -1  -1  -1  -1  -1   9.2  70
  50.0      -1 -1.000    -1    -1    -1  -1  -1  -1  -1  -1  -1  -1   9.2  70
  55.0      -1 -1.000    -1    -1    -1  -1  -1  -1  -1  -1  -1  -1   9.2  70
  60.0      -1 -1.000   247   247   247  -1  -1  -1  -1  -1  -1  -1   9.2  70
  65.0      60  0.000   237   237   237  -1  -1  -1  -1  -1  -1  -1   9.2  70
  70.0     154  0.001   226   226   226  -1  -1  -1  -1  -1  -1  -1   9.2  70
  75.0     271  0.001   215   215   215  -1  -1  -1  -1  -1  -1  -1   9.2  70
  80.0     378  0.001   206   206   206   0   0   0   0   3 997  -1   9.2  70
  85.0     777  0.003   200   200   200   0   0   0   0   6 994  -1   9.2  70
  90.0    7567  0.025   191   191   191   0   0   0   0  62 938  -1   9.2  70
  95.0   27417  0.092   183   183   183   0   0   0   0 224 776  -1   9.2  70
 100.0   49021  0.164   184   184   184   0   0   0   0 358 642  -1   9.2  70
 105.0   58541  0.196   207   207   207   0   0   0   0 423 577  -1   9.2  70
 110.0   59642  0.200   251   251   251   0   0   0   0 414 586  -1   9.2  70
 115.0   57815  0.194   305   305   305   0   0   0   0 371 628  -1   9.2  70
 120.0   56373  0.189   366   366   366   1   0   0   0 326 673  -1   9.2  70
 125.0   57615  0.193   432   432   432   1   0   0   0 300 698  -1   9.2  70
 130.0   68713  0.230   493   493   496   3   0   0   0 317 678  -1   9.2  70
 135.0   83384  0.280   547   547   560   7   0   0   0 349 641  -1   9.2  70
 140.0   95445  0.320   595   595   625  12   1   0   0 371 612  -1   9.2  70
 145.0  106255  0.356   637   637   690  20   1   0   0 377 597  -1   9.2  70
 150.0  116272  0.390   675   675   754  33   2   0   0 364 595  -1   9.2  70
 155.0  125818  0.422   708   708   819  52   2   0   0 335 602  -1   9.2  70
 160.0  135623  0.455   737   737   884  78   3   0   0 306 601  -1   9.2  70
 165.0  145764  0.489   763   763   949 113   4   0   0 280 590  -1   9.2  70
 170.0  156195  0.524   787   787  1013 156   5   0   0 256 568  -1   9.2  70
 175.0  166862  0.560   807   807  1078 208   6   0   0 233 537  -1   9.2  70
 180.0  177701  0.596   825   825  1143 267   7   0   0 210 499  -1   9.2  70
 185.0  188643  0.633   841   841  1207 332   7   0   0 188 454  -1   9.2  70
 190.0  199608  0.669   856   856  1272 400   8   0   0 165 407  -1   9.2  70
 195.0  210510  0.706   868   868  1336 470   9   0   0 144 358  -1   9.2  70
 200.0  221254  0.742   880   880  1398 538   9   0   0 124 310  -1   9.2  70
 205.0  231741  0.777   890   892  1458 602   9   0   0 106 265  -1   9.2  70
 210.0  241865  0.811   899   905  1513 661   9   0   0  89 223  -1   9.2  70
 215.0  251518  0.843   906   917  1561 715  10   0   0  74 185  -1   9.2  70
 220.0  260587  0.874   913   930  1604 762  10   0   0  62 152  -1   9.2  70
 225.0  268958  0.902   920   943  1645 802  10   0   0  51 124  -1   9.2  70
 230.0  276516  0.927   925   955  1684 835  10   0   0  42 101  -1   9.2  70
 235.0  283147  0.949   930   968  1723 863  10   0   0  35  82  -1   9.2  70
 240.0  288737  0.968   934   980  1761 885  10   0   0  29  67  -1   9.2  70
 245.0  293167  0.983   938   993  1800 902  10   0   0  24  56  -1   9.2  70
 250.0  296313  0.994   942  1006  1838 911  11   0   0  21  49  -1   9.2  70
 255.0  298012  0.999   945  1018  1877 919  12   0   0  18  44  -1   9.2  70
 260.0  298074  1.000   948  1031  1915 925  12   0   0  16  39  -1   9.2  70
 265.0  297177  0.997   950  1043  1953 930  13   0   0  14  35  -1   9.2  70
 270.0  295505  0.991   952  1056  1992 934  14   0   0  12  32  -1   9.2  70
 275.0  293118  0.983   954  1068  2030 938  15   0   0  11  29  -1   9.2  70
 280.0  290079  0.973   956  1081  2069 941  16   0   0   9  26  -1   9.2  70
 285.0  286452  0.961   957  1094  2107 944  17   0   0   8  24  -1   9.2  70
 290.0  282303  0.947   959  1106  2146 946  19   0   0   7  21  -1   9.2  70
 295.0  277694  0.931   960  1119  2184 948  20   0   0   6  19  -1   9.2  70
 300.0  272689  0.914   961  1131  2222 979  20   1   1   0   0  -1   9.2  70