yyyy/mmdd(or -ddd)/hh.h):2008/1201/ 0.0LT  geog Lat/Long/Alt=-25.0/ 125.0/ 300.0

NeQuick is used for topside Ne profile
URSI maps are used for the F2 peak density (NmF2)
foF2 STORM model is turned on 
Shubin2015model is used for F2 peak height (hmF2)
ABT-2009 option is used for the bottomside thickness parameter B0
Scotto-97 no L   option is used for the F1 occurrence probability
foE auroral storm model is turned off
IRI-1990   option is used for D-region
TBT-2012 with solar dependence is used for the electron temperature
RBV10+TBT15 option is used for ion composition
CGM coordinates not computed
auroral boundaries not computed

Peak Densities/cm-3: NmF2= 215695.8   NmF1=      0.0   NmE=   1656.6
Peak Heights/km:     hmF2=   291.82   hmF1=     0.00   hmE=   110.00

Solar Zenith Angle/degree                             132.9
Dip (Magnetic Inclination)/degree                     -57.90
Modip (Modified Dip)/degree                           -46.71
Solar Sunspot Number (12-months running mean) Rz12      1.7           
Ionospheric-Effective Solar Index IG12                 -9.4           
Solar radio flux F10.7 (daily)                         66.2           
Solar radio flux F10.7 (81-day average)                67.0           

TEC [1.E16 m-2] is obtained by numerical integration in 1km steps
  from 50 to 2000.0 km. t is the percentage of TEC above the F peak.

-
   H   ELECTRON DENSITY   TEMPERATURES      ION PERCENTAGES[%]*10    1E16m-2
   km  Ne/cm-3 Ne/NmF2 Tn/K  Ti/K  Te/K  O+  N+  H+ He+ O2+ NO+ Clust TEC t/%
   0.0      -1 -1.000    -1    -1    -1  -1  -1  -1  -1  -1  -1  -1   5.1  78
   5.0      -1 -1.000    -1    -1    -1  -1  -1  -1  -1  -1  -1  -1   5.1  78
  10.0      -1 -1.000    -1    -1    -1  -1  -1  -1  -1  -1  -1  -1   5.1  78
  15.0      -1 -1.000    -1    -1    -1  -1  -1  -1  -1  -1  -1  -1   5.1  78
  20.0      -1 -1.000    -1    -1    -1  -1  -1  -1  -1  -1  -1  -1   5.1  78
  25.0      -1 -1.000    -1    -1    -1  -1  -1  -1  -1  -1  -1  -1   5.1  78
  30.0      -1 -1.000    -1    -1    -1  -1  -1  -1  -1  -1  -1  -1   5.1  78
  35.0      -1 -1.000    -1    -1    -1  -1  -1  -1  -1  -1  -1  -1   5.1  78
  40.0      -1 -1.000    -1    -1    -1  -1  -1  -1  -1  -1  -1  -1   5.1  78
  45.0      -1 -1.000    -1    -1    -1  -1  -1  -1  -1  -1  -1  -1   5.1  78
  50.0      -1 -1.000    -1    -1    -1  -1  -1  -1  -1  -1  -1  -1   5.1  78
  55.0      -1 -1.000    -1    -1    -1  -1  -1  -1  -1  -1  -1  -1   5.1  78
  60.0      -1 -1.000   246   246   246  -1  -1  -1  -1  -1  -1  -1   5.1  78
  65.0      -1 -1.000   233   233   233  -1  -1  -1  -1  -1  -1  -1   5.1  78
  70.0      -1 -1.000   220   220   220  -1  -1  -1  -1  -1  -1  -1   5.1  78
  75.0      -1 -1.000   210   210   210  -1  -1  -1  -1  -1  -1  -1   5.1  78
  80.0       1  0.000   210   210   210   0   0   0   0   01000  -1   5.1  78
  85.0     261  0.001   213   213   213   0   0   0   0   2 998  -1   5.1  78
  90.0     479  0.002   208   208   208   0   0   0   0   4 996  -1   5.1  78
  95.0    1371  0.006   191   191   191   0   0   0   0  14 986  -1   5.1  78
 100.0    1616  0.007   179   179   179   0   0   0   0  22 978  -1   5.1  78
 105.0    1655  0.008   184   184   184   0   0   0   0  28 972  -1   5.1  78
 110.0    1657  0.008   207   207   207   0   0   0   0  32 968  -1   5.1  78
 115.0    1358  0.006   253   253   253   0   0   0   0  29 971  -1   5.1  78
 120.0     893  0.004   327   327   327   0   0   0   0  19 981  -1   5.1  78
 125.0     576  0.003   400   400   400   0   0   0   0  12 988  -1   5.1  78
 130.0     411  0.002   455   455   455   0   0   0   0   9 991  -1   5.1  78
 135.0     344  0.002   499   499   499   0   0   0   0   8 992  -1   5.1  78
 140.0     342  0.002   535   535   535   0   0   0   0   9 991  -1   5.1  78
 145.0     392  0.002   564   564   565   0   0   0   0  11 989  -1   5.1  78
 150.0     496  0.002   587   587   603   1   0   0   0  15 984  -1   5.1  78
 155.0     656  0.003   606   606   632   1   0   0   0  21 977  -1   5.1  78
 160.0     867  0.004   622   622   653   2   0   0   0  30 967  -1   5.1  78
 165.0    1120  0.005   634   634   669   4   0   0   0  42 954  -1   5.1  78
 170.0    1429  0.007   645   645   682   7   0   0   0  57 936  -1   5.1  78
 175.0    2077  0.010   653   653   695  14   0   0   0  84 902  -1   5.1  78
 180.0    3309  0.015   659   659   707  28   0   0   0 129 842  -1   5.1  78
 185.0    5097  0.024   665   665   719  54   0   0   0 180 764  -1   5.1  78
 190.0    7602  0.035   669   669   731  99   0   0   0 227 672  -1   5.1  78
 195.0   10999  0.051   673   673   743 170   0   0   0 257 571  -1   5.1  78
 200.0   15463  0.072   676   676   756 269   0   0   0 262 467  -1   5.1  78
 205.0   21172  0.098   678   682   768 394   1   0   0 239 364  -1   5.1  78
 210.0   28345  0.131   680   688   780 529   1   0   0 197 270  -1   5.1  78
 215.0   37130  0.172   681   694   792 655   1   0   0 149 191  -1   5.1  78
 220.0   47609  0.221   683   700   804 759   1   0   0 106 131  -1   5.1  78
 225.0   59779  0.277   684   706   816 837   1   0   0  72  87  -1   5.1  78
 230.0   73534  0.341   684   712   828 890   1   0   0  48  58  -1   5.1  78
 235.0   88652  0.411   685   718   840 927   1   0   0  32  38  -1   5.1  78
 240.0  104794  0.486   686   724   852 950   1   0   0  21  26  -1   5.1  78
 245.0  121518  0.563   686   730   864 966   1   0   0  14  17  -1   5.1  78
 250.0  138297  0.641   686   736   876 976   1   0   0  10  12  -1   5.1  78
 255.0  154556  0.717   687   742   888 983   1   0   0   7   8  -1   5.1  78
 260.0  169717  0.787   687   749   901 988   1   0   0   5   6  -1   5.1  78
 265.0  183239  0.850   687   755   913 991   1   0   0   3   4  -1   5.1  78
 270.0  194673  0.903   687   761   925 993   0   0   0   2   3  -1   5.1  78
 275.0  203693  0.944   688   767   937 995   0   0   0   2   2  -1   5.1  78
 280.0  210136  0.974   688   773   949 996   0   0   0   1   2  -1   5.1  78
 285.0  214025  0.992   688   779   961 997   0   0   0   1   1  -1   5.1  78
 290.0  215598  1.000   688   785   973 998   0   0   0   1   1  -1   5.1  78
 295.0  215519  0.999   688   791   985 998   0   0   0   1   1  -1   5.1  78
 300.0  214557  0.995   688   797   997 989   8   3   0   0   0  -1   5.1  78
 305.0  212821  0.987   688   803  1009 988   8   4   0   0   0  -1   5.1  78
 310.0  210385  0.975   688   809  1021 987   9   4   0   0   0  -1   5.1  78
 315.0  207328  0.961   688   815  1033 987   9   4   0   0   0  -1   5.1  78
 320.0  203730  0.945   688   822  1045 986   9   5   0   0   0  -1   5.1  78
 325.0  199669  0.926   688   828  1057 985  10   5   0   0   0  -1   5.1  78
 330.0  195220  0.905   688   834  1069 985  10   5   0   0   0  -1   5.1  78
 335.0  190455  0.883   688   840  1081 984  10   6   0   0   0  -1   5.1  78
 340.0  185441  0.860   688   846  1091 983  11   6   0   0   0  -1   5.1  78
 345.0  180240  0.836   688   852  1100 982  11   7   0   0   0  -1   5.1  78
 350.0  174906  0.811   688   858  1105 981  12   7   0   0   0  -1   5.1  78
 355.0  169489  0.786   688   864  1105 980  12   8   0   0   0  -1   5.1  78
 360.0  164033  0.760   688   870  1102 978  13   9   0   0   0  -1   5.1  78
 365.0  158577  0.735   688   876  1097 977  13   9   0   0   0  -1   5.1  78
 370.0  153153  0.710   688   882  1091 976  13  10   0   0   0  -1   5.1  78
 375.0  147790  0.685   688   888  1084 974  14  11   0   0   0  -1   5.1  78
 380.0  142510  0.661   688   894  1077 973  15  12   0   0   0  -1   5.1  78
 385.0  137333  0.637   688   900  1071 971  15  13   0   0   0  -1   5.1  78
 390.0  132274  0.613   688   906  1064 970  16  14   0   0   0  -1   5.1  78
 395.0  127346  0.590   688   912  1057 968  16  15   0   0   0  -1   5.1  78
 400.0  122559  0.568   688   918  1050 966  17  17   1   0   0  -1   5.1  78
 405.0  117918  0.547   688   924  1044 964  18  18   1   0   0  -1   5.1  78
 410.0  113429  0.526   688   930  1037 962  18  20   1   0   0  -1   5.1  78
 415.0  109095  0.506   688   935  1030 959  19  21   1   0   0  -1   5.1  78
 420.0  104916  0.486   688   940  1023 957  20  23   1   0   0  -1   5.1  78
 425.0  100893  0.468   688   944  1017 954  20  25   1   0   0  -1   5.1  78
 430.0   97025  0.450   688   948  1010 951  21  27   1   0   0  -1   5.1  78
 435.0   93309  0.433   688   950  1003 948  22  29   1   0   0  -1   5.1  78
 440.0   89742  0.416   688   953   996 945  23  32   1   0   0  -1   5.1  78
 445.0   86321  0.400   688   954   989 941  23  34   1   0   0  -1   5.1  78
 450.0   83043  0.385   688   956   983 938  24  37   1   0   0  -1   5.1  78
 455.0   79903  0.370   688   957   976 934  25  40   1   0   0  -1   5.1  78
 460.0   76896  0.357   688   958   969 929  26  43   1   0   0  -1   5.1  78
 465.0   74019  0.343   688   958   962 925  27  47   1   0   0  -1   5.1  78
 470.0   71266  0.330   688   959   959 920  28  51   1   0   0  -1   5.1  78
 475.0   68632  0.318   688   960   960 915  29  55   1   0   0  -1   5.1  78
 480.0   66113  0.307   688   960   960 910  30  59   2   0   0  -1   5.1  78
 485.0   63704  0.295   688   961   961 904  31  63   2   0   0  -1   5.1  78
 490.0   61401  0.285   688   961   961 898  32  68   2   0   0  -1   5.1  78
 495.0   59198  0.274   688   962   962 892  33  74   2   0   0  -1   5.1  78
 500.0   57092  0.265   688   962   962 885  34  79   2   0   0  -1   5.1  78
 505.0   55079  0.255   688   963   963 878  35  85   2   0   0  -1   5.1  78
 510.0   53153  0.246   688   963   963 871  36  91   2   0   0  -1   5.1  78
 515.0   51311  0.238   688   963   963 864  37  97   2   0   0  -1   5.1  78
 520.0   49549  0.230   688   964   964 856  38 104   3   0   0  -1   5.1  78
 525.0   47863  0.222   688   964   964 848  39 111   3   0   0  -1   5.1  78
 530.0   46251  0.214   688   965   965 839  39 118   3   0   0  -1   5.1  78
 535.0   44707  0.207   688   965   965 831  40 126   3   0   0  -1   5.1  78
 540.0   43229  0.200   688   966   966 823  41 133   3   0   0  -1   5.1  78
 545.0   41815  0.194   688   966   966 814  42 140   3   0   0  -1   5.1  78
 550.0   40460  0.188   688   967   967 806  43 148   3   0   0  -1   5.1  78
 555.0   39162  0.182   688   967   967 798  43 155   4   0   0  -1   5.1  78
 560.0   37919  0.176   688   968   968 790  44 162   4   0   0  -1   5.1  78
 565.0   36727  0.170   688   968   968 782  45 170   4   0   0  -1   5.1  78
 570.0   35585  0.165   688   969   969 774  45 177   4   0   0  -1   5.1  78
 575.0   34490  0.160   688   969   969 766  46 184   4   0   0  -1   5.1  78
 580.0   33439  0.155   688   970   970 758  46 191   4   0   0  -1   5.1  78
 585.0   32431  0.150   688   970   970 751  47 198   5   0   0  -1   5.1  78
 590.0   31463  0.146   688   971   971 743  47 205   5   0   0  -1   5.1  78
 595.0   30534  0.142   688   971   971 736  48 211   5   0   0  -1   5.1  78
 600.0   29642  0.137   688   972   972 729  48 218   5   0   0  -1   5.1  78
 605.0   28785  0.133   688   972   976 721  48 225   5   0   0  -1   5.1  78
 610.0   27962  0.130   688   973   987 714  49 232   6   0   0  -1   5.1  78
 615.0   27170  0.126   688   973   999 706  49 239   6   0   0  -1   5.1  78
 620.0   26409  0.122   688   974  1011 699  49 246   6   0   0  -1   5.1  78
 625.0   25677  0.119   688   974  1022 691  49 253   6   0   0  -1   5.1  78
 630.0   24973  0.116   688   975  1034 683  50 260   7   0   0  -1   5.1  78
 635.0   24295  0.113   688   975  1045 676  50 268   7   0   0  -1   5.1  78
 640.0   23643  0.110   688   976  1057 668  50 275   7   0   0  -1   5.1  78
 645.0   23015  0.107   688   976  1069 660  50 283   7   0   0  -1   5.1  78
 650.0   22410  0.104   688   977  1080 652  51 290   8   0   0  -1   5.1  78
 655.0   21827  0.101   688   977  1092 644  51 298   8   0   0  -1   5.1  78
 660.0   21265  0.099   688   977  1104 635  51 306   8   0   0  -1   5.1  78
 665.0   20723  0.096   688   978  1115 627  51 314   8   0   0  -1   5.1  78
 670.0   20200  0.094   688   978  1127 619  51 322   9   0   0  -1   5.1  78
 675.0   19696  0.091   688   979  1139 610  51 330   9   0   0  -1   5.1  78
 680.0   19210  0.089   688   979  1150 601  51 338   9   0   0  -1   5.1  78
 685.0   18740  0.087   688   980  1162 592  51 347  10   0   0  -1   5.1  78
 690.0   18287  0.085   688   980  1173 583  51 355  10   0   0  -1   5.1  78
 695.0   17849  0.083   688   981  1185 574  52 364  10   0   0  -1   5.1  78
 700.0   17426  0.081   688   981  1197 564  52 373  11   0   0  -1   5.1  78
 705.0   17018  0.079   688   982  1208 555  52 383  11   0   0  -1   5.1  78
 710.0   16622  0.077   688   982  1220 545  52 393  11   0   0  -1   5.1  78
 715.0   16240  0.075   688   983  1232 534  52 403  12   0   0  -1   5.1  78
 720.0   15871  0.074   688   983  1243 524  52 413  12   0   0  -1   5.1  78
 725.0   15513  0.072   688   984  1255 513  52 424  12   0   0  -1   5.1  78
 730.0   15167  0.070   688   984  1267 501  51 435  13   0   0  -1   5.1  78
 735.0   14833  0.069   688   985  1278 489  51 446  13   0   0  -1   5.1  78
 740.0   14508  0.067   688   985  1290 477  51 458  14   0   0  -1   5.1  78
 745.0   14194  0.066   688   986  1301 464  51 471  14   0   0  -1   5.1  78
