yyyy/mmdd(or -ddd)/hh.h):2008/ 201/12.0LT  geog Lat/Long/Alt= 10.0/ 110.0/  80.0

IRIcor2 is used for topside Ne profile
URSI maps are used for the F2 peak density (NmF2)
foF2 STORM model is turned on 
Shubin2015model is used for F2 peak height (hmF2)
ABT-2009 option is used for the bottomside thickness parameter B0
Scotto-97 no L   option is used for the F1 occurrence probability
foE auroral storm model is turned off
IRI-1990   option is used for D-region
TBT-2012 with solar dependence is used for the electron temperature
Tru-2021 option is used for the ion temperature
RBV10+TBT15 option is used for ion composition
CGM coordinates not computed
auroral boundaries not computed

Peak Densities/cm-3: NmF2= 475353.3   NmF1= 234626.5   NmE= 137475.6
Peak Heights/km:     hmF2=   304.40   hmF1=   190.75   hmE=   110.00

Solar Zenith Angle/degree                              27.0
Dip (Magnetic Inclination)/degree                       5.30
Modip (Modified Dip)/degree                             5.33
Solar Sunspot Number (12-months running mean) Rz12      3.9           
Ionospheric-Effective Solar Index IG12                 -6.8           
Solar radio flux F10.7 (daily)                         69.0           
Solar radio flux F10.7 (81-day average)                70.4           

TEC [1.E16 m-2] is obtained by numerical integration in 1km steps
  from 50 to 1500.0 km. t is the percentage of TEC above the F peak.

-
   H   ELECTRON DENSITY   TEMPERATURES      ION PERCENTAGES[%]*10    1E16m-2
   km  Ne/cm-3 Ne/NmF2 Tn/K  Ti/K  Te/K  O+  N+  H+ He+ O2+ NO+ Clust TEC t/%
   0.0      -1 -1.000    -1    -1    -1  -1  -1  -1  -1  -1  -1  -1  20.6  71
   5.0      -1 -1.000    -1    -1    -1  -1  -1  -1  -1  -1  -1  -1  20.6  71
  10.0      -1 -1.000    -1    -1    -1  -1  -1  -1  -1  -1  -1  -1  20.6  71
  15.0      -1 -1.000    -1    -1    -1  -1  -1  -1  -1  -1  -1  -1  20.6  71
  20.0      -1 -1.000    -1    -1    -1  -1  -1  -1  -1  -1  -1  -1  20.6  71
  25.0      -1 -1.000    -1    -1    -1  -1  -1  -1  -1  -1  -1  -1  20.6  71
  30.0      -1 -1.000    -1    -1    -1  -1  -1  -1  -1  -1  -1  -1  20.6  71
  35.0      -1 -1.000    -1    -1    -1  -1  -1  -1  -1  -1  -1  -1  20.6  71
  40.0      -1 -1.000    -1    -1    -1  -1  -1  -1  -1  -1  -1  -1  20.6  71
  45.0      -1 -1.000    -1    -1    -1  -1  -1  -1  -1  -1  -1  -1  20.6  71
  50.0      -1 -1.000    -1    -1    -1  -1  -1  -1  -1  -1  -1  -1  20.6  71
  55.0      -1 -1.000    -1    -1    -1  -1  -1  -1  -1  -1  -1  -1  20.6  71
  60.0      -1 -1.000   247   247   247  -1  -1  -1  -1  -1  -1  -1  20.6  71
  65.0      57  0.000   229   229   229  -1  -1  -1  -1  -1  -1  -1  20.6  71
  70.0     224  0.000   216   216   216  -1  -1  -1  -1  -1  -1  -1  20.6  71
  75.0     426  0.001   210   210   210  -1  -1  -1  -1  -1  -1  -1  20.6  71
  80.0     542  0.001   204   204   204   0   0   0   0   4 996  -1  20.6  71
  85.0    1093  0.002   198   198   198   0   0   0   0   9 991  -1  20.6  71
  90.0   12834  0.027   189   189   189   0   0   0   0  95 905  -1  20.6  71
  95.0   54102  0.114   180   180   180   0   0   0   0 344 656  -1  20.6  71
 100.0  107037  0.225   177   177   177   0   0   0   0 554 446  -1  20.6  71
 105.0  133892  0.282   188   188   188   0   0   0   0 484 516  -1  20.6  71
 110.0  137476  0.289   215   215   215   0   0   0   0 404 595  -1  20.6  71
 115.0  138027  0.290   265   265   265   1   0   0   0 370 628  -1  20.6  71
 120.0  141767  0.298   338   338   338   3   0   0   0 326 670  -1  20.6  71
 125.0  145714  0.307   405   405   407   7   0   0   0 284 706  -1  20.6  71
 130.0  149897  0.315   456   456   475  14   1   0   0 264 717  -1  20.6  71
 135.0  154357  0.325   500   500   544  25   1   0   0 254 714  -1  20.6  71
 140.0  159144  0.335   539   539   613  41   1   0   0 253 697  -1  20.6  71
 145.0  164331  0.346   574   574   681  63   2   0   0 252 675  -1  20.6  71
 150.0  170024  0.358   604   604   750  91   2   0   0 250 646  -1  20.6  71
 155.0  176395  0.371   630   630   818 126   3   0   0 246 613  -1  20.6  71
 160.0  183752  0.387   653   653   887 171   3   0   0 237 576  -1  20.6  71
 165.0  192778  0.406   673   673   956 225   4   0   0 224 533  -1  20.6  71
 170.0  202642  0.426   690   690  1024 287   4   0   0 208 484  -1  20.6  71
 175.0  212024  0.446   706   706  1093 356   5   0   0 190 433  -1  20.6  71
 180.0  220713  0.464   719   719  1161 427   5   0   0 170 381  -1  20.6  71
 185.0  228378  0.480   731   731  1230 499   6   0   0 149 330  -1  20.6  71
 190.0  234169  0.493   742   742  1299 567   6   0   0 129 283  -1  20.6  71
 195.0  247437  0.521   751   751  1367 638   6   0   0 108 233  -1  20.6  71
 200.0  262721  0.553   759   759  1436 704   6   0   0  89 188  -1  20.6  71
 205.0  278143  0.585   766   766  1504 760   6   0   0  72 149  -1  20.6  71
 210.0  293618  0.618   772   772  1573 807   6   0   0  58 117  -1  20.6  71
 215.0  309053  0.650   777   777  1642 846   7   0   0  46  92  -1  20.6  71
 220.0  324354  0.682   782   782  1710 877   7   0   0  37  71  -1  20.6  71
 225.0  339421  0.714   786   786  1779 902   7   0   0  29  55  -1  20.6  71
 230.0  354153  0.745   790   790  1847 922   7   0   0  23  43  -1  20.6  71
 235.0  368448  0.775   793   793  1916 937   7   0   0  18  33  -1  20.6  71
 240.0  382203  0.804   796   796  1984 948   7   0   0  14  26  -1  20.6  71
 245.0  395318  0.832   798   798  2052 956   7   0   0  12  21  -1  20.6  71
 250.0  407696  0.858   800   800  2119 963   7   0   0   9  17  -1  20.6  71
 255.0  419245  0.882   802   802  2183 968   8   0   0   8  14  -1  20.6  71
 260.0  429878  0.904   804   804  2239 972   8   0   0   6  11  -1  20.6  71
 265.0  439518  0.925   806   806  2278 976   8   0   0   5   9  -1  20.6  71
 270.0  448096  0.943   807   807  2287 978   8   0   0   4   7  -1  20.6  71
 275.0  455554  0.958   808   810  2260 981   9   0   0   3   6  -1  20.6  71
 280.0  461845  0.972   809   813  2204 983   9   0   0   3   4  -1  20.6  71
 285.0  466938  0.982   810   816  2133 984   9   0   0   2   3  -1  20.6  71
 290.0  470817  0.990   811   820  2054 985   9   0   0   2   3  -1  20.6  71
 295.0  473485  0.996   811   823  1972 986  10   0   0   1   2  -1  20.6  71
 300.0  474969  0.999   812   827  1890 983  15   2   0   0   0  -1  20.6  71
 305.0  428111  0.901   812   830  1807 983  15   2   0   0   0  -1  20.6  71
 310.0  428251  0.901   813   833  1724 983  15   2   0   0   0  -1  20.6  71
 315.0  427322  0.899   813   837  1641 982  15   2   0   0   0  -1  20.6  71
 320.0  425386  0.895   814   840  1558 982  15   3   0   0   0  -1  20.6  71
 325.0  422510  0.889   814   844  1475 982  15   3   0   0   0  -1  20.6  71
 330.0  418765  0.881   814   847  1393 982  15   3   0   0   0  -1  20.6  71
 335.0  414228  0.871   815   850  1313 981  15   3   0   0   0  -1  20.6  71
 340.0  408977  0.860   815   854  1237 981  15   4   0   0   0  -1  20.6  71
 345.0  403090  0.848   815   857  1172 980  15   4   0   0   0  -1  20.6  71
 350.0  396650  0.834   815   861  1125 980  16   4   0   0   0  -1  20.6  71
 355.0  389735  0.820   815   865  1100 979  16   5   0   0   0  -1  20.6  71
 360.0  382420  0.804   815   869  1094 979  16   5   0   0   0  -1  20.6  71
 365.0  374785  0.788   816   874  1099 978  16   5   0   0   0  -1  20.6  71
 370.0  366899  0.772   816   878  1107 978  16   6   0   0   0  -1  20.6  71
 375.0  358831  0.755   816   882  1118 977  16   6   0   0   0  -1  20.6  71
 380.0  350646  0.738   816   887  1129 977  16   7   1   0   0  -1  20.6  71
 385.0  342404  0.720   816   891  1141 976  16   8   1   0   0  -1  20.6  71
 390.0  333398  0.701   816   895  1152 975  16   8   1   0   0  -1  20.6  71
 395.0  322618  0.679   816   900  1164 974  16   9   1   0   0  -1  20.6  71
 400.0  312082  0.657   816   904  1176 973  16  10   1   0   0  -1  20.6  71
 405.0  301830  0.635   816   908  1187 972  16  11   1   0   0  -1  20.6  71
 410.0  291888  0.614   816   913  1199 971  16  12   1   0   0  -1  20.6  71
 415.0  282283  0.594   816   917  1210 970  16  13   1   0   0  -1  20.6  71
 420.0  273034  0.574   816   922  1222 969  17  14   1   0   0  -1  20.6  71
 425.0  264152  0.556   816   926  1234 968  17  15   1   0   0  -1  20.6  71
 430.0  255646  0.538   816   931  1245 966  17  16   1   0   0  -1  20.6  71
 435.0  247520  0.521   816   937  1257 965  17  18   1   0   0  -1  20.6  71
 440.0  239771  0.504   816   943  1269 963  17  19   1   0   0  -1  20.6  71
 445.0  232391  0.489   816   949  1280 961  17  21   1   0   0  -1  20.6  71
 450.0  225373  0.474   816   955  1292 959  17  22   1   0   0  -1  20.6  71
 455.0  218701  0.460   816   961  1304 957  17  24   2   0   0  -1  20.6  71
 460.0  212357  0.447   816   968  1315 955  17  27   2   0   0  -1  20.6  71
 465.0  206321  0.434   816   974  1327 952  17  29   2   0   0  -1  20.6  71
 470.0  200572  0.422   816   980  1338 950  17  31   2   0   0  -1  20.6  71
 475.0  195084  0.410   816   986  1350 947  17  34   2   0   0  -1  20.6  71
 480.0  189833  0.399   816   993  1362 944  17  37   2   0   0  -1  20.6  71
 485.0  184791  0.389   816   999  1373 941  17  40   2   0   0  -1  20.6  71
 490.0  179932  0.379   816  1005  1385 937  17  43   3   0   0  -1  20.6  71
 495.0  175231  0.369   816  1012  1397 933  17  47   3   0   0  -1  20.6  71
 500.0  170663  0.359   816  1018  1408 929  17  50   3   0   0  -1  20.6  71