yyyy/mmdd(or -ddd)/hh.h):2000/ 101/ 0.0LT  geog Lat/Long/Alt=-25.0/ 125.0/ 300.0

NeQuick is used for topside Ne profile
URSI maps are used for the F2 peak density (NmF2)
foF2 STORM model is turned on 
Shubin2015model is used for F2 peak height (hmF2)
ABT-2009 option is used for the bottomside thickness parameter B0
Scotto-97 no L   option is used for the F1 occurrence probability
foE auroral storm model is turned off
IRI-1990   option is used for D-region
TBT-2012 with solar dependence is used for the electron temperature
RBV10+TBT15 option is used for ion composition
CGM coordinates not computed
auroral boundaries not computed

Peak Densities/cm-3: NmF2= 647027.2   NmF1=      0.0   NmE=   3591.0
Peak Heights/km:     hmF2=   339.66   hmF1=     0.00   hmE=   110.00

Solar Zenith Angle/degree                             132.0
Dip (Magnetic Inclination)/degree                     -58.20
Modip (Modified Dip)/degree                           -46.86
Solar Sunspot Number (12-months running mean) Rz12    112.1           
Ionospheric-Effective Solar Index IG12                126.4           
Solar radio flux F10.7 (daily)                        125.6           
Solar radio flux F10.7 (81-day average)               158.6           

TEC [1.E16 m-2] is obtained by numerical integration in 1km steps
  from 50 to 2000.0 km. t is the percentage of TEC above the F peak.

-
   H   ELECTRON DENSITY   TEMPERATURES      ION PERCENTAGES[%]*10    1E16m-2
   km  Ne/cm-3 Ne/NmF2 Tn/K  Ti/K  Te/K  O+  N+  H+ He+ O2+ NO+ Clust TEC t/%
   0.0      -1 -1.000    -1    -1    -1  -1  -1  -1  -1  -1  -1  -1  17.7  76
   5.0      -1 -1.000    -1    -1    -1  -1  -1  -1  -1  -1  -1  -1  17.7  76
  10.0      -1 -1.000    -1    -1    -1  -1  -1  -1  -1  -1  -1  -1  17.7  76
  15.0      -1 -1.000    -1    -1    -1  -1  -1  -1  -1  -1  -1  -1  17.7  76
  20.0      -1 -1.000    -1    -1    -1  -1  -1  -1  -1  -1  -1  -1  17.7  76
  25.0      -1 -1.000    -1    -1    -1  -1  -1  -1  -1  -1  -1  -1  17.7  76
  30.0      -1 -1.000    -1    -1    -1  -1  -1  -1  -1  -1  -1  -1  17.7  76
  35.0      -1 -1.000    -1    -1    -1  -1  -1  -1  -1  -1  -1  -1  17.7  76
  40.0      -1 -1.000    -1    -1    -1  -1  -1  -1  -1  -1  -1  -1  17.7  76
  45.0      -1 -1.000    -1    -1    -1  -1  -1  -1  -1  -1  -1  -1  17.7  76
  50.0      -1 -1.000    -1    -1    -1  -1  -1  -1  -1  -1  -1  -1  17.7  76
  55.0      -1 -1.000    -1    -1    -1  -1  -1  -1  -1  -1  -1  -1  17.7  76
  60.0      -1 -1.000   247   247   247  -1  -1  -1  -1  -1  -1  -1  17.7  76
  65.0      -1 -1.000   233   233   233  -1  -1  -1  -1  -1  -1  -1  17.7  76
  70.0      -1 -1.000   218   218   218  -1  -1  -1  -1  -1  -1  -1  17.7  76
  75.0      -1 -1.000   207   207   207  -1  -1  -1  -1  -1  -1  -1  17.7  76
  80.0       1  0.000   201   201   201   0   0   0   0   01000  -1  17.7  76
  85.0     258  0.000   198   198   198   0   0   0   0   2 998  -1  17.7  76
  90.0     478  0.001   195   195   195   0   0   0   0   4 996  -1  17.7  76
  95.0    2093  0.003   190   190   190   0   0   0   0  21 979  -1  17.7  76
 100.0    3345  0.005   189   189   189   0   0   0   0  42 958  -1  17.7  76
 105.0    3583  0.006   198   198   198   0   0   0   0  55 945  -1  17.7  76
 110.0    3591  0.006   223   223   223   0   0   0   0  63 937  -1  17.7  76
 115.0    2941  0.005   276   276   276   0   0   0   0  56 944  -1  17.7  76
 120.0    1931  0.003   363   363   363   0   0   0   0  36 964  -1  17.7  76
 125.0    1242  0.002   457   457   457   0   0   0   0  23 977  -1  17.7  76
 130.0     884  0.001   534   534   534   0   0   0   0  16 983  -1  17.7  76
 135.0     739  0.001   599   599   599   0   0   0   0  14 985  -1  17.7  76
 140.0     732  0.001   655   655   655   1   0   0   0  15 984  -1  17.7  76
 145.0     839  0.001   703   703   703   1   0   0   0  18 981  -1  17.7  76
 150.0    1062  0.002   744   744   749   2   0   0   0  24 975  -1  17.7  76
 155.0    1406  0.002   780   780   788   3   0   0   0  30 967  -1  17.7  76
 160.0    1861  0.003   810   810   815   5   0   0   0  36 959  -1  17.7  76
 165.0    2404  0.004   836   836   836   8   0   0   0  43 948  -1  17.7  76
 170.0    3069  0.005   858   858   858  14   0   0   0  52 934  -1  17.7  76
 175.0    3979  0.006   877   877   877  22   0   0   0  63 914  -1  17.7  76
 180.0    5076  0.008   893   893   893  35   0   0   0  76 889  -1  17.7  76
 185.0    6483  0.010   907   907   907  54   0   0   0  90 855  -1  17.7  76
 190.0    8290  0.013   919   919   919  82   0   0   0 106 811  -1  17.7  76
 195.0   10617  0.016   929   929   929 122   0   0   0 121 755  -1  17.7  76
 200.0   13622  0.021   938   938   938 178   0   0   0 135 685  -1  17.7  76
 205.0   17512  0.027   946   946   952 251   1   0   0 142 604  -1  17.7  76
 210.0   22569  0.035   952   952   966 340   1   0   0 143 514  -1  17.7  76
 215.0   29171  0.045   958   958   980 443   1   0   0 134 420  -1  17.7  76
 220.0   37827  0.058   963   963   994 551   1   0   0 117 328  -1  17.7  76
 225.0   48700  0.075   967   967  1009 652   1   0   0  97 247  -1  17.7  76
 230.0   61911  0.096   970   970  1023 739   1   0   0  75 181  -1  17.7  76
 235.0   77724  0.120   973   973  1037 809   1   0   0  57 130  -1  17.7  76
 240.0   96370  0.149   976   976  1051 861   1   0   0  41  93  -1  17.7  76
 245.0  118026  0.182   978   978  1066 900   1   0   0  30  66  -1  17.7  76
 250.0  142794  0.221   980   980  1080 928   1   0   0  21  47  -1  17.7  76
 255.0  170681  0.264   982   982  1094 948   1   0   0  15  34  -1  17.7  76
 260.0  201583  0.312   983   983  1108 962   1   0   0  11  24  -1  17.7  76
 265.0  235269  0.364   984   984  1122 972   1   0   0   8  17  -1  17.7  76
 270.0  271374  0.419   985   985  1137 979   1   0   0   6  13  -1  17.7  76
 275.0  309398  0.478   986   986  1151 984   1   0   0   4   9  -1  17.7  76
 280.0  348716  0.539   987   987  1165 988   1   0   0   3   7  -1  17.7  76
 285.0  388590  0.601   988   988  1179 991   1   0   0   2   5  -1  17.7  76
 290.0  428200  0.662   988   988  1194 993   1   0   0   2   4  -1  17.7  76
 295.0  466673  0.721   989   989  1208 994   1   0   0   1   3  -1  17.7  76
 300.0  503125  0.778   989   989  1222 987  12   1   0   0   0  -1  17.7  76
 305.0  536708  0.829   990   990  1236 986  13   1   0   0   0  -1  17.7  76
 310.0  566651  0.876   990   990  1251 986  13   1   0   0   0  -1  17.7  76
 315.0  592305  0.915   990   990  1265 985  13   1   0   0   0  -1  17.7  76
 320.0  613184  0.948   991   991  1279 985  14   1   0   0   0  -1  17.7  76
 325.0  629004  0.972   991   991  1293 985  14   1   0   0   0  -1  17.7  76
 330.0  639705  0.989   991   991  1307 984  14   1   0   0   0  -1  17.7  76
 335.0  645505  0.998   991   991  1321 984  15   1   0   0   0  -1  17.7  76
 340.0  647023  1.000   991   991  1333 983  15   1   0   0   0  -1  17.7  76
 345.0  645885  0.998   991   991  1344 983  15   2   0   0   0  -1  17.7  76
 350.0  642838  0.994   991   991  1350 982  16   2   0   0   0  -1  17.7  76
 355.0  638027  0.986   992   992  1352 982  16   2   0   0   0  -1  17.7  76
 360.0  631607  0.976   992   992  1350 981  17   2   0   0   0  -1  17.7  76
 365.0  623739  0.964   992   992  1346 981  17   2   0   0   0  -1  17.7  76
 370.0  614583  0.950   992   992  1341 980  18   2   0   0   0  -1  17.7  76
 375.0  604301  0.934   992   992  1335 979  18   2   0   0   0  -1  17.7  76
 380.0  593048  0.917   992   992  1329 979  18   2   0   0   0  -1  17.7  76
 385.0  580974  0.898   992   992  1323 978  19   3   0   0   0  -1  17.7  76
 390.0  568221  0.878   992   992  1317 978  19   3   0   0   0  -1  17.7  76
 395.0  554922  0.858   992   992  1312 977  20   3   0   0   0  -1  17.7  76
 400.0  541200  0.836   992   992  1306 976  20   3   0   0   0  -1  17.7  76
 405.0  527167  0.815   992   992  1300 976  21   3   0   0   0  -1  17.7  76
 410.0  512927  0.793   992   992  1294 975  21   4   0   0   0  -1  17.7  76
 415.0  498570  0.771   992   992  1288 974  22   4   0   0   0  -1  17.7  76
 420.0  484179  0.748   992   992  1282 973  22   4   0   0   0  -1  17.7  76
 425.0  469824  0.726   992   992  1276 972  23   4   0   0   0  -1  17.7  76
 430.0  455569  0.704   992   992  1270 972  23   4   0   0   0  -1  17.7  76
 435.0  441467  0.682   992   992  1265 971  24   5   0   0   0  -1  17.7  76
 440.0  427565  0.661   992   992  1259 970  25   5   0   0   0  -1  17.7  76
 445.0  413901  0.640   992   993  1253 969  25   5   1   0   0  -1  17.7  76
 450.0  400508  0.619   992   993  1247 968  26   6   1   0   0  -1  17.7  76
 455.0  387411  0.599   992   994  1241 967  26   6   1   0   0  -1  17.7  76
 460.0  374632  0.579   992   994  1235 966  27   6   1   0   0  -1  17.7  76
 465.0  362186  0.560   992   995  1229 965  28   7   1   0   0  -1  17.7  76
 470.0  350085  0.541   992   995  1224 964  28   7   1   0   0  -1  17.7  76
 475.0  338338  0.523   992   996  1218 963  29   8   1   0   0  -1  17.7  76
 480.0  326950  0.505   992   996  1212 961  30   8   1   0   0  -1  17.7  76
 485.0  315922  0.488   992   997  1206 960  30   9   1   0   0  -1  17.7  76
 490.0  305254  0.472   992   997  1200 959  31   9   1   0   0  -1  17.7  76
 495.0  294945  0.456   992   997  1194 958  32  10   1   0   0  -1  17.7  76
 500.0  284991  0.440   992   998  1189 956  33  10   1   0   0  -1  17.7  76
 505.0  275386  0.426   992   998  1183 955  33  11   1   0   0  -1  17.7  76
 510.0  266125  0.411   992   999  1177 953  34  12   1   0   0  -1  17.7  76
 515.0  257199  0.398   992   999  1172 952  35  12   1   0   0  -1  17.7  76
 520.0  248601  0.384   992   999  1167 950  36  13   1   0   0  -1  17.7  76
 525.0  240322  0.371   992  1000  1162 949  36  14   1   0   0  -1  17.7  76
 530.0  232353  0.359   992  1000  1158 947  37  15   1   0   0  -1  17.7  76
 535.0  224685  0.347   992  1001  1155 946  38  15   1   0   0  -1  17.7  76
 540.0  217309  0.336   992  1001  1153 944  39  16   1   0   0  -1  17.7  76
 545.0  210214  0.325   992  1001  1153 942  39  17   1   0   0  -1  17.7  76
 550.0  203390  0.314   992  1002  1155 941  40  18   1   0   0  -1  17.7  76
 555.0  196830  0.304   992  1002  1160 939  41  19   1   0   0  -1  17.7  76
 560.0  190521  0.294   992  1003  1166 938  41  20   1   0   0  -1  17.7  76
 565.0  184457  0.285   992  1003  1175 936  42  21   1   0   0  -1  17.7  76
 570.0  178626  0.276   992  1003  1185 934  42  22   2   0   0  -1  17.7  76
 575.0  173020  0.267   992  1004  1196 933  43  23   2   0   0  -1  17.7  76
 580.0  167631  0.259   992  1004  1207 931  44  24   2   0   0  -1  17.7  76
 585.0  162449  0.251   992  1005  1219 929  44  25   2   0   0  -1  17.7  76
 590.0  157466  0.243   992  1005  1231 928  45  26   2   0   0  -1  17.7  76
 595.0  152674  0.236   992  1005  1243 926  45  27   2   0   0  -1  17.7  76
 600.0  148066  0.229   992  1006  1256 924  46  28   2   0   0  -1  17.7  76
 605.0  143633  0.222   992  1006  1268 923  46  29   2   0   0  -1  17.7  76
 610.0  139369  0.215   992  1007  1281 921  47  30   2   0   0  -1  17.7  76
 615.0  135267  0.209   992  1007  1293 919  47  31   2   0   0  -1  17.7  76
 620.0  131319  0.203   992  1007  1306 917  48  33   2   0   0  -1  17.7  76
 625.0  127519  0.197   992  1008  1319 916  48  34   2   0   0  -1  17.7  76
 630.0  123862  0.191   992  1008  1331 914  49  35   2   0   0  -1  17.7  76
 635.0  120340  0.186   992  1009  1344 912  49  37   2   0   0  -1  17.7  76
 640.0  116949  0.181   992  1009  1356 910  50  38   3   0   0  -1  17.7  76
 645.0  113683  0.176   992  1010  1369 908  50  39   3   0   0  -1  17.7  76
 650.0  110537  0.171   992  1010  1382 905  51  41   3   0   0  -1  17.7  76
 655.0  107505  0.166   992  1010  1394 903  51  43   3   0   0  -1  17.7  76
 660.0  104584  0.162   992  1011  1407 901  52  44   3   0   0  -1  17.7  76
 665.0  101767  0.157   992  1011  1419 899  53  46   3   0   0  -1  17.7  76
 670.0   99051  0.153   992  1012  1432 896  53  48   3   0   0  -1  17.7  76
 675.0   96432  0.149   992  1012  1444 894  54  50   3   0   0  -1  17.7  76
 680.0   93906  0.145   992  1012  1457 891  54  51   3   0   0  -1  17.7  76
 685.0   91468  0.141   992  1013  1470 889  55  53   3   0   0  -1  17.7  76
 690.0   89116  0.138   992  1013  1482 886  55  56   4   0   0  -1  17.7  76
 695.0   86845  0.134   992  1014  1495 883  56  58   4   0   0  -1  17.7  76
 700.0   84653  0.131   992  1014  1507 880  56  60   4   0   0  -1  17.7  76
 705.0   82535  0.128   992  1014  1520 877  57  62   4   0   0  -1  17.7  76
 710.0   80490  0.124   992  1015  1533 874  57  65   4   0   0  -1  17.7  76
 715.0   78514  0.121   992  1015  1545 870  58  67   4   0   0  -1  17.7  76
 720.0   76604  0.118   992  1016  1558 867  59  70   4   0   0  -1  17.7  76
 725.0   74758  0.116   992  1016  1570 863  59  73   4   0   0  -1  17.7  76
 730.0   72973  0.113   992  1016  1583 859  60  76   5   0   0  -1  17.7  76
 735.0   71246  0.110   992  1017  1595 855  60  80   5   0   0  -1  17.7  76
 740.0   69576  0.108   992  1017  1608 851  61  83   5   0   0  -1  17.7  76
 745.0   67961  0.105   992  1018  1620 846  62  87   5   0   0  -1  17.7  76