yyyy/mmdd(or -ddd)/hh.h):2008/ 104/12.0LT  geog Lat/Long/Alt=-25.0/ 125.0/ 150.0

IRIcor2 is used for topside Ne profile
URSI maps are used for the F2 peak density (NmF2)
foF2 STORM model is turned on 
Shubin2015model is used for F2 peak height (hmF2)
ABT-2009 option is used for the bottomside thickness parameter B0
Scotto-97 no L   option is used for the F1 occurrence probability
foE auroral storm model is turned off
IRI-1990   option is used for D-region
TBT-2012 with solar dependence is used for the electron temperature
Tru-2021 option is used for the ion temperature
RBV10+TBT15 option is used for ion composition
CGM coordinates not computed
auroral boundaries not computed

Peak Densities/cm-3: NmF2= 524953.8   NmF1= 244474.5   NmE= 143158.5
Peak Heights/km:     hmF2=   275.70   hmF1=   187.98   hmE=   110.00

Solar Zenith Angle/degree                               2.6
Dip (Magnetic Inclination)/degree                     -57.93
Modip (Modified Dip)/degree                           -46.73
Solar Sunspot Number (12-months running mean) Rz12      4.4           
Ionospheric-Effective Solar Index IG12                 -5.6           
Solar radio flux F10.7 (daily)                         76.4           
Solar radio flux F10.7 (81-day average)                73.0           

TEC [1.E16 m-2] is obtained by numerical integration in 1km steps
  from 50 to  2000.0 km. t is the percentage of TEC above the F peak.

-
    H   ELECTRON DENSITY    TEMPERATURES      ION PERCENTAGES[%]*10     1E16m-2
    km    Ne/cm-3 Ne/NmF2 Tn/K  Ti/K  Te/K  O+  N+  H+ He+ O2+ NO+ Clust TEC t/%
    0.0-0.1000E-05-1.000    -1    -1    -1  -1  -1  -1  -1  -1  -1  -1  14.4  64
    5.0-0.1000E-05-1.000    -1    -1    -1  -1  -1  -1  -1  -1  -1  -1  14.4  64
   10.0-0.1000E-05-1.000    -1    -1    -1  -1  -1  -1  -1  -1  -1  -1  14.4  64
   15.0-0.1000E-05-1.000    -1    -1    -1  -1  -1  -1  -1  -1  -1  -1  14.4  64
   20.0-0.1000E-05-1.000    -1    -1    -1  -1  -1  -1  -1  -1  -1  -1  14.4  64
   25.0-0.1000E-05-1.000    -1    -1    -1  -1  -1  -1  -1  -1  -1  -1  14.4  64
   30.0-0.1000E-05-1.000    -1    -1    -1  -1  -1  -1  -1  -1  -1  -1  14.4  64
   35.0-0.1000E-05-1.000    -1    -1    -1  -1  -1  -1  -1  -1  -1  -1  14.4  64
   40.0-0.1000E-05-1.000    -1    -1    -1  -1  -1  -1  -1  -1  -1  -1  14.4  64
   45.0-0.1000E-05-1.000    -1    -1    -1  -1  -1  -1  -1  -1  -1  -1  14.4  64
   50.0-0.1000E-05-1.000    -1    -1    -1  -1  -1  -1  -1  -1  -1  -1  14.4  64
   55.0-0.1000E-05-1.000    -1    -1    -1  -1  -1  -1  -1  -1  -1  -1  14.4  64
   60.0-0.1000E-05-1.000   247   247   247  -1  -1  -1  -1  -1  -1  -1  14.4  64
   65.0 0.8562E+02 0.000   232   232   232  -1  -1  -1  -1  -1  -1  -1  14.4  64
   70.0 0.2311E+03 0.000   217   217   217  -1  -1  -1  -1  -1  -1  -1  14.4  64
   75.0 0.4073E+03 0.001   207   207   207  -1  -1  -1  -1  -1  -1  -1  14.4  64
   80.0 0.5560E+03 0.001   208   208   208   0   0   0   0   4 996  -1  14.4  64
   85.0 0.1169E+04 0.002   210   210   210   0   0   0   0   9 991  -1  14.4  64
   90.0 0.1236E+05 0.024   202   202   202   0   0   0   0  88 912  -1  14.4  64
   95.0 0.5196E+05 0.099   183   183   183   0   0   0   0 335 665  -1  14.4  64
  100.0 0.1069E+06 0.204   172   172   172   0   0   0   0 566 434  -1  14.4  64
  105.0 0.1383E+06 0.263   181   181   181   0   0   0   0 489 511  -1  14.4  64
  110.0 0.1432E+06 0.273   210   210   210   0   0   0   0 402 597  -1  14.4  64
  115.0 0.1394E+06 0.266   266   266   266   1   0   0   0 345 653  -1  14.4  64
  120.0 0.1373E+06 0.262   351   351   351   2   0   0   0 275 720  -1  14.4  64
  125.0 0.1431E+06 0.273   432   432   432   6   0   0   0 232 758  -1  14.4  64
  130.0 0.1500E+06 0.286   492   492   503  12   1   0   0 220 762  -1  14.4  64
  135.0 0.1572E+06 0.300   544   544   579  20   1   0   0 216 756  -1  14.4  64
  140.0 0.1649E+06 0.314   588   588   655  32   2   0   0 217 739  -1  14.4  64
  145.0 0.1730E+06 0.330   625   625   731  48   2   0   0 219 719  -1  14.4  64
  150.0 0.1817E+06 0.346   657   657   807  69   3   0   0 219 695  -1  14.4  64
  155.0 0.1910E+06 0.364   684   684   883  96   3   0   0 217 668  -1  14.4  64
  160.0 0.2009E+06 0.383   707   707   959 129   4   0   0 212 637  -1  14.4  64
  165.0 0.2113E+06 0.403   727   727  1035 169   4   0   0 204 601  -1  14.4  64
  170.0 0.2210E+06 0.421   744   744  1111 216   5   0   0 194 563  -1  14.4  64
  175.0 0.2298E+06 0.438   758   758  1187 269   6   0   0 181 520  -1  14.4  64
  180.0 0.2372E+06 0.452   770   770  1263 327   6   0   0 167 476  -1  14.4  64
  185.0 0.2427E+06 0.462   781   781  1338 387   7   0   0 151 431  -1  14.4  64
  190.0 0.2524E+06 0.481   790   790  1414 453   8   0   0 135 381  -1  14.4  64
  195.0 0.2724E+06 0.519   797   797  1489 529   8   0   0 117 323  -1  14.4  64
  200.0 0.2930E+06 0.558   804   804  1564 602   9   0   0  99 268  -1  14.4  64
  205.0 0.3139E+06 0.598   809   809  1636 669   9   0   0  83 218  -1  14.4  64
  210.0 0.3350E+06 0.638   814   815  1703 730   9   0   0  68 174  -1  14.4  64
  215.0 0.3561E+06 0.678   818   821  1759 782   9   0   0  55 137  -1  14.4  64
  220.0 0.3770E+06 0.718   822   826  1803 826   9   0   0  44 106  -1  14.4  64
  225.0 0.3975E+06 0.757   825   832  1835 862   9   0   0  35  81  -1  14.4  64
  230.0 0.4173E+06 0.795   827   837  1861 890   9   0   0  27  62  -1  14.4  64
  235.0 0.4363E+06 0.831   829   843  1885 913   9   0   0  21  47  -1  14.4  64
  240.0 0.4541E+06 0.865   831   848  1907 930   9   0   0  17  36  -1  14.4  64
  245.0 0.4705E+06 0.896   833   854  1929 944   9   0   0  13  27  -1  14.4  64
  250.0 0.4852E+06 0.924   834   859  1951 954   9   0   0  10  21  -1  14.4  64
  255.0 0.4981E+06 0.949   835   865  1973 962   9   0   0   8  16  -1  14.4  64
  260.0 0.5087E+06 0.969   836   870  1994 969   9   0   0   7  12  -1  14.4  64
  265.0 0.5169E+06 0.985   837   876  2016 973   9   0   0   5  10  -1  14.4  64
  270.0 0.5224E+06 0.995   838   882  2038 977   9   0   0   4   7  -1  14.4  64
  275.0 0.5249E+06 1.000   838   887  2059 979   9   0   0   3   6  -1  14.4  64
  280.0 0.5244E+06 0.999   839   893  2081 980  10   0   0   3   5  -1  14.4  64
  285.0 0.5225E+06 0.995   839   898  2103 982  10   0   0   2   4  -1  14.4  64
  290.0 0.5191E+06 0.989   840   904  2124 983  10   0   0   2   4  -1  14.4  64
  295.0 0.5143E+06 0.980   840   909  2146 983  11   0   0   2   3  -1  14.4  64
  300.0 0.5083E+06 0.968   840   915  2168 982  16   1   0   0   0  -1  14.4  64
  305.0 0.5011E+06 0.955   841   920  2189 982  17   1   0   0   0  -1  14.4  64
  310.0 0.4928E+06 0.939   841   926  2211 982  17   1   0   0   0  -1  14.4  64
  315.0 0.4835E+06 0.921   841   931  2233 981  17   1   0   0   0  -1  14.4  64
  320.0 0.4732E+06 0.901   841   937  2254 981  18   2   0   0   0  -1  14.4  64
  325.0 0.4622E+06 0.880   841   943  2276 980  18   2   0   0   0  -1  14.4  64
  330.0 0.4505E+06 0.858   841   948  2297 980  18   2   0   0   0  -1  14.4  64
  335.0 0.4382E+06 0.835   841   954  2318 979  18   2   0   0   0  -1  14.4  64
  340.0 0.4254E+06 0.810   842   959  2338 979  19   2   0   0   0  -1  14.4  64
  345.0 0.4122E+06 0.785   842   965  2356 978  19   2   0   0   0  -1  14.4  64
  350.0 0.3987E+06 0.760   842   970  2369 978  19   3   0   0   0  -1  14.4  64
  355.0 0.3851E+06 0.734   842   975  2377 977  20   3   0   0   0  -1  14.4  64
  360.0 0.3713E+06 0.707   842   980  2380 977  20   3   0   0   0  -1  14.4  64
  365.0 0.3574E+06 0.681   842   985  2381 976  20   3   0   0   0  -1  14.4  64
  370.0 0.3436E+06 0.654   842   989  2381 976  21   3   0   0   0  -1  14.4  64
  375.0 0.3298E+06 0.628   842   994  2381 975  21   4   0   0   0  -1  14.4  64
  380.0 0.3162E+06 0.602   842   999  2380 974  21   4   0   0   0  -1  14.4  64
  385.0 0.3027E+06 0.577   842  1004  2379 974  22   4   0   0   0  -1  14.4  64
  390.0 0.2895E+06 0.552   842  1009  2379 973  22   5   0   0   0  -1  14.4  64
  395.0 0.2766E+06 0.527   842  1013  2378 972  22   5   0   0   0  -1  14.4  64
  400.0 0.2639E+06 0.503   842  1018  2377 971  23   5   0   0   0  -1  14.4  64
  405.0 0.2516E+06 0.479   842  1023  2377 971  23   6   0   0   0  -1  14.4  64
  410.0 0.2396E+06 0.456   842  1028  2376 970  24   6   0   0   0  -1  14.4  64
  415.0 0.2280E+06 0.434   842  1033  2375 969  24   7   0   0   0  -1  14.4  64
  420.0 0.2167E+06 0.413   842  1039  2375 968  24   7   0   0   0  -1  14.4  64
  425.0 0.2059E+06 0.392   842  1046  2374 967  25   8   0   0   0  -1  14.4  64
  430.0 0.1954E+06 0.372   842  1055  2373 966  25   9   1   0   0  -1  14.4  64
  435.0 0.1854E+06 0.353   842  1067  2372 965  26   9   1   0   0  -1  14.4  64
  440.0 0.1758E+06 0.335   842  1082  2372 963  26  10   1   0   0  -1  14.4  64
  445.0 0.1666E+06 0.317   842  1097  2371 962  26  11   1   0   0  -1  14.4  64
  450.0 0.1579E+06 0.301   842  1114  2370 961  27  12   1   0   0  -1  14.4  64
  455.0 0.1495E+06 0.285   842  1130  2370 959  27  13   1   0   0  -1  14.4  64
  460.0 0.1416E+06 0.270   842  1147  2369 958  28  14   1   0   0  -1  14.4  64
  465.0 0.1340E+06 0.255   842  1164  2368 956  28  15   1   0   0  -1  14.4  64
  470.0 0.1269E+06 0.242   842  1181  2368 955  29  16   1   0   0  -1  14.4  64
  475.0 0.1202E+06 0.229   842  1197  2367 953  29  17   1   0   0  -1  14.4  64
  480.0 0.1138E+06 0.217   842  1214  2366 951  29  18   1   0   0  -1  14.4  64
  485.0 0.1082E+06 0.206   842  1231  2366 949  30  20   1   0   0  -1  14.4  64
  490.0 0.1031E+06 0.196   842  1247  2365 947  30  21   1   0   0  -1  14.4  64
  495.0 0.9841E+05 0.187   842  1264  2364 945  31  23   1   0   0  -1  14.4  64
  500.0 0.9399E+05 0.179   842  1281  2364 943  31  24   1   0   0  -1  14.4  64
  505.0 0.8986E+05 0.171   842  1298  2363 941  32  26   1   0   0  -1  14.4  64
  510.0 0.8600E+05 0.164   842  1314  2363 938  32  28   1   0   0  -1  14.4  64
  515.0 0.8240E+05 0.157   842  1331  2362 936  32  30   1   0   0  -1  14.4  64
  520.0 0.7903E+05 0.151   842  1348  2362 933  33  32   2   0   0  -1  14.4  64
  525.0 0.7588E+05 0.145   842  1364  2363 931  33  34   2   0   0  -1  14.4  64
  530.0 0.7293E+05 0.139   842  1381  2363 928  34  37   2   0   0  -1  14.4  64
  535.0 0.7018E+05 0.134   842  1398  2365 925  34  39   2   0   0  -1  14.4  64
  540.0 0.6759E+05 0.129   842  1415  2368 923  35  41   2   0   0  -1  14.4  64
  545.0 0.6518E+05 0.124   842  1431  2372 920  35  43   2   0   0  -1  14.4  64
  550.0 0.6291E+05 0.120   842  1448  2379 917  35  46   2   0   0  -1  14.4  64
  555.0 0.6078E+05 0.116   842  1465  2387 914  36  48   2   0   0  -1  14.4  64
  560.0 0.5877E+05 0.112   842  1481  2397 912  36  50   2   0   0  -1  14.4  64
  565.0 0.5689E+05 0.108   842  1498  2409 909  36  52   2   0   0  -1  14.4  64
  570.0 0.5512E+05 0.105   842  1514  2422 907  37  54   2   0   0  -1  14.4  64
  575.0 0.5345E+05 0.102   842  1531  2436 904  37  56   2   0   0  -1  14.4  64
  580.0 0.5187E+05 0.099   842  1547  2450 902  37  58   2   0   0  -1  14.4  64
  585.0 0.5039E+05 0.096   842  1562  2465 900  38  60   3   0   0  -1  14.4  64
  590.0 0.4899E+05 0.093   842  1578  2480 898  38  62   3   0   0  -1  14.4  64
  595.0 0.4766E+05 0.091   842  1592  2495 895  38  64   3   0   0  -1  14.4  64
  600.0 0.4641E+05 0.088   842  1606  2510 893  38  66   3   0   0  -1  14.4  64
  605.0 0.4523E+05 0.086   842  1619  2525 891  39  68   3   0   0  -1  14.4  64
  610.0 0.4410E+05 0.084   842  1631  2541 889  39  70   3   0   0  -1  14.4  64
  615.0 0.4304E+05 0.082   842  1643  2556 886  39  71   3   0   0  -1  14.4  64
  620.0 0.4203E+05 0.080   842  1654  2571 884  40  73   3   0   0  -1  14.4  64
  625.0 0.4108E+05 0.078   842  1665  2587 882  40  75   3   0   0  -1  14.4  64
  630.0 0.4017E+05 0.077   842  1675  2602 880  40  77   3   0   0  -1  14.4  64
  635.0 0.3931E+05 0.075   842  1686  2617 877  40  79   3   0   0  -1  14.4  64
  640.0 0.3849E+05 0.073   842  1696  2633 875  41  81   3   0   0  -1  14.4  64
  645.0 0.3771E+05 0.072   842  1706  2648 873  41  83   3   0   0  -1  14.4  64
  650.0 0.3697E+05 0.070   842  1717  2663 870  41  85   3   0   0  -1  14.4  64
  655.0 0.3627E+05 0.069   842  1727  2679 868  42  88   3   0   0  -1  14.4  64
  660.0 0.3559E+05 0.068   842  1737  2694 865  42  90   3   0   0  -1  14.4  64
  665.0 0.3495E+05 0.067   842  1747  2709 863  42  92   3   0   0  -1  14.4  64
  670.0 0.3434E+05 0.065   842  1757  2725 860  42  94   3   0   0  -1  14.4  64
  675.0 0.3375E+05 0.064   842  1767  2740 858  43  96   3   0   0  -1  14.4  64
  680.0 0.3319E+05 0.063   842  1778  2756 855  43  99   3   0   0  -1  14.4  64
  685.0 0.3266E+05 0.062   842  1788  2771 852  43 101   3   0   0  -1  14.4  64
  690.0 0.3201E+05 0.061   842  1798  2786 850  43 104   3   0   0  -1  14.4  64
  695.0 0.3124E+05 0.060   842  1808  2802 847  44 106   3   0   0  -1  14.4  64
  700.0 0.3049E+05 0.058   842  1818  2817 844  44 109   4   0   0  -1  14.4  64
  705.0 0.2978E+05 0.057   842  1828  2832 841  44 111   4   0   0  -1  14.4  64
  710.0 0.2908E+05 0.055   842  1838  2848 838  45 114   4   0   0  -1  14.4  64
  715.0 0.2842E+05 0.054   842  1849  2863 835  45 116   4   0   0  -1  14.4  64
  720.0 0.2777E+05 0.053   842  1859  2878 832  45 119   4   0   0  -1  14.4  64
  725.0 0.2714E+05 0.052   842  1869  2894 829  45 121   4   0   0  -1  14.4  64
  730.0 0.2654E+05 0.051   842  1879  2909 826  46 124   4   0   0  -1  14.4  64
  735.0 0.2595E+05 0.049   842  1889  2924 823  46 127   4   0   0  -1  14.4  64
  740.0 0.2537E+05 0.048   842  1899  2939 820  46 129   4   0   0  -1  14.4  64
  745.0 0.2482E+05 0.047   842  1910  2955 817  47 132   4   0   0  -1  14.4  64
  750.0 0.2427E+05 0.046   842  1920  2970 814  47 134   4   0   0  -1  14.4  64
