yyyy/mmdd(or -ddd)/hh.h):2022/ 101/ 0.0LT  geog Lat/Long/Alt=-25.0/ 125.0/ 130.0

NeQuick is used for topside Ne profile
URSI maps are used for the F2 peak density (NmF2)
foF2 STORM model is turned on 
Shubin2015model is used for F2 peak height (hmF2)
ABT-2009 option is used for the bottomside thickness parameter B0
Scotto-97 no L   option is used for the F1 occurrence probability
foE auroral storm model is turned off
IRI-1990   option is used for D-region
TBT-2012 with solar dependence is used for the electron temperature
RBV10+TBT15 option is used for ion composition
CGM coordinates not computed
auroral boundaries not computed

Solar and magnetic parameter for the 1st profile point:
Solar Zenith Angle/degree                             132.0
Dip (Magnetic Inclination)/degree                     -57.57
Modip (Modified Dip)/degree                           -46.55
Solar Sunspot Number (12-months running mean) Rz12     81.4           
Ionospheric-Effective Solar Index IG12                 89.8           
Solar radio flux F10.7 (daily)                        164.0           
Solar radio flux F10.7 (81-day average)               125.5           

TEC [1.E16 m-2] is obtained by numerical integration in 1km steps
  from 50 to 2000.0 km. t is the percentage of TEC above the F peak.

-
  YEAR ELECTRON DENSITY   TEMPERATURES      ION PERCENTAGES[%]*10    1E16m-2
  yyyy Ne/cm-3 Ne/NmF2 Tn/K  Ti/K  Te/K  O+  N+  H+ He+ O2+ NO+ Clust TEC t/%
1961.0     692  0.001   513   513   513   0   0   0   0  13 986  -1  16.0  76
1962.0     549  0.001   485   485   485   0   0   0   0  11 989  -1  10.7  77
1963.0     470  0.001   478   478   478   0   0   0   0  10 990  -1   8.2  77
1964.0     446  0.002   473   473   473   0   0   0   0  10 990  -1   7.0  77
1965.0     432  0.002   470   470   470   0   0   0   0   9 991  -1   6.7  77
1966.0     482  0.001   470   470   470   0   0   0   0  10 990  -1   8.0  77
1967.0     674  0.001   516   516   516   0   0   0   0  13 987  -1  14.5  76
1968.0     782  0.001   545   545   545   0   0   0   0  14 986  -1  14.1  75
1969.0     783  0.001   518   518   518   0   0   0   0  15 985  -1  19.6  76
1970.0     800  0.001   519   519   519   0   0   0   0  15 985  -1  20.3  76
1971.0     717  0.001   515   515   515   0   0   0   0  14 986  -1  16.8  76
1972.0     645  0.001   498   498   498   0   0   0   0  13 987  -1  13.4  76
1973.0     584  0.001   494   494   494   0   0   0   0  12 988  -1  11.6  77
1974.0     489  0.002   487   487   487   0   0   0   0  10 990  -1   8.0  77
1975.0     463  0.002   478   478   478   0   0   0   0  10 990  -1   7.3  77
1976.0     445  0.002   472   472   472   0   0   0   0  10 990  -1   6.6  77
1977.0     448  0.002   483   483   483   0   0   0   0   9 990  -1   6.8  77
1978.0     626  0.001   495   495   495   0   0   0   0  13 987  -1  12.4  77
1979.0     856  0.001   539   539   539   0   0   0   0  15 984  -1  22.6  75
1980.0    1006  0.001   552   552   552   0   0   0   0  18 982  -1  28.8  75
1981.0     987  0.001   548   548   548   0   0   0   0  17 982  -1  26.1  75
1982.0     990  0.001   549   549   549   0   0   0   0  17 982  -1  24.9  75
1983.0     783  0.001   526   526   526   0   0   0   0  15 985  -1  16.9  76
1984.0     626  0.002   506   506   506   0   0   0   0  13 987  -1  10.1  77
1985.0     449  0.002   487   487   487   0   0   0   0  10 990  -1   6.4  77
1986.0     435  0.002   490   490   490   0   0   0   0   9 991  -1   5.7  77
1987.0     442  0.002   481   481   481   0   0   0   0   9 990  -1   6.4  77
1988.0     577  0.001   489   489   489   0   0   0   0  12 988  -1  10.0  77
1989.0     958  0.001   551   551   551   0   0   0   0  17 983  -1  22.5  75
1990.0    1014  0.001   560   560   560   0   0   0   0  18 982  -1  25.6  75
1991.0    1028  0.001   546   546   546   0   0   0   0  18 982  -1  25.5  75
1992.0     938  0.001   559   559   559   0   0   0   0  16 984  -1  23.0  75
1993.0     676  0.001   512   512   512   0   0   0   0  13 987  -1  14.0  76
1994.0     522  0.002   512   512   512   0   0   0   0  10 989  -1   8.3  77
1995.0     465  0.002   474   474   474   0   0   0   0  10 990  -1   7.3  77
1996.0     427  0.002   471   471   471   0   0   0   0   9 991  -1   5.9  78
1997.0     431  0.002   472   472   472   0   0   0   0   9 991  -1   5.7  77
1998.0     531  0.002   484   484   484   0   0   0   0  11 989  -1   8.8  77
1999.0     721  0.001   515   515   515   0   0   0   0  14 986  -1  15.4  76
2000.0     884  0.001   534   534   534   0   0   0   0  16 983  -1  17.7  76
2001.0     881  0.001   522   522   522   0   0   0   0  16 984  -1  22.5  76
2002.0     974  0.001   558   558   558   0   0   0   0  17 983  -1  23.6  75
2003.0     782  0.001   511   511   511   0   0   0   0  15 985  -1  17.6  76
2004.0     628  0.002   512   512   512   0   0   0   0  12 987  -1  10.2  77
2005.0     560  0.002   495   495   495   0   0   0   0  11 988  -1   9.2  77
2006.0     485  0.002   482   482   482   0   0   0   0  10 990  -1   7.4  77
2007.0     450  0.002   483   483   483   0   0   0   0   9 990  -1   6.1  77
2008.0     417  0.002   471   471   471   0   0   0   0   9 991  -1   5.1  78
2009.0     409  0.002   473   473   473   0   0   0   0   9 991  -1   4.9  78
2010.0     438  0.002   466   466   466   0   0   0   0   9 991  -1   5.9  78
2011.0     510  0.002   477   477   477   0   0   0   0  11 989  -1   8.1  77
2012.0     657  0.001   506   506   506   0   0   0   0  13 987  -1  13.5  76
2013.0     643  0.001   490   490   490   0   0   0   0  13 987  -1  13.5  77
2014.0     719  0.001   522   522   522   0   0   0   0  14 986  -1  15.7  76
2015.0     723  0.001   515   515   515   0   0   0   0  14 986  -1  15.2  76
2016.0     555  0.002   501   501   501   0   0   0   0  11 989  -1   7.3  77
2017.0     460  0.002   481   481   481   0   0   0   0  10 990  -1   6.6  78
2018.0     435  0.002   473   473   473   0   0   0   0   9 991  -1   5.8  78
2019.0     416  0.002   470   470   470   0   0   0   0   9 991  -1   4.8  78
2020.0     412  0.002   467   467   467   0   0   0   0   9 991  -1   4.9  78
2021.0     445  0.002   474   474   474   0   0   0   0   9 990  -1   5.8  78
