2000  1  1   1  0.00    0.0  -25.0  125.0  9.999E-38  1.920E+19  5.150E+18 1.182E-03  295.3   993  1.279E+14  2.295E+17  9.999E-38  9.999E-38  125.8  160.6   30.1   15.0   32.0   18.0   27.0   35.4   22.8
2000  1  1   1  0.00    5.0  -25.0  125.0  9.999E-38  1.149E+19  3.081E+18 7.073E-04  270.4   993  7.652E+13  1.373E+17  9.999E-38  9.999E-38  125.8  160.6   30.1   15.0   32.0   18.0   27.0   35.4   22.8
2000  1  1   1  0.00   10.0  -25.0  125.0  9.999E-38  6.703E+18  1.797E+18 4.126E-04  237.8   993  4.464E+13  8.011E+16  9.999E-38  9.999E-38  125.8  160.6   30.1   15.0   32.0   18.0   27.0   35.4   22.8
2000  1  1   1  0.00   15.0  -25.0  125.0  9.999E-38  3.593E+18  9.635E+17 2.212E-04  203.8   993  2.393E+13  4.294E+16  9.999E-38  9.999E-38  125.8  160.6   30.1   15.0   32.0   18.0   27.0   35.4   22.8
2000  1  1   1  0.00   20.0  -25.0  125.0  9.999E-38  1.549E+18  4.155E+17 9.538E-05  203.5   993  1.032E+13  1.852E+16  9.999E-38  9.999E-38  125.8  160.6   30.1   15.0   32.0   18.0   27.0   35.4   22.8
2000  1  1   1  0.00   25.0  -25.0  125.0  9.999E-38  6.471E+17  1.735E+17 3.983E-05  218.0   993  4.309E+12  7.733E+15  9.999E-38  9.999E-38  125.8  160.6   30.1   15.0   32.0   18.0   27.0   35.4   22.8
2000  1  1   1  0.00   30.0  -25.0  125.0  9.999E-38  2.911E+17  7.807E+16 1.792E-05  226.7   993  1.939E+12  3.479E+15  9.999E-38  9.999E-38  125.8  160.6   30.1   15.0   32.0   18.0   27.0   35.4   22.8
2000  1  1   1  0.00   35.0  -25.0  125.0  9.999E-38  1.336E+17  3.582E+16 8.222E-06  239.1   993  8.895E+11  1.596E+15  9.999E-38  9.999E-38  125.8  160.6   30.1   15.0   32.0   18.0   27.0   35.4   22.8
2000  1  1   1  0.00   40.0  -25.0  125.0  9.999E-38  6.385E+16  1.712E+16 3.930E-06  251.7   993  4.252E+11  7.631E+14  9.999E-38  9.999E-38  125.8  160.6   30.1   15.0   32.0   18.0   27.0   35.4   22.8
2000  1  1   1  0.00   45.0  -25.0  125.0  9.999E-38  3.161E+16  8.476E+15 1.946E-06  265.3   993  2.105E+11  3.777E+14  9.999E-38  9.999E-38  125.8  160.6   30.1   15.0   32.0   18.0   27.0   35.4   22.8
2000  1  1   1  0.00   50.0  -25.0  125.0  9.999E-38  1.677E+16  4.497E+15 1.032E-06  266.8   993  1.117E+11  2.004E+14  9.999E-38  9.999E-38  125.8  160.6   30.1   15.0   32.0   18.0   27.0   35.4   22.8
2000  1  1   1  0.00   55.0  -25.0  125.0  4.804E+07  9.220E+15  2.472E+15 5.676E-07  255.6   993  6.140E+10  1.102E+14  9.999E-38  9.999E-38  125.8  160.6   30.1   15.0   32.0   18.0   27.0   35.4   22.8
2000  1  1   1  0.00   60.0  -25.0  125.0  4.056E+07  4.963E+15  1.331E+15 3.055E-07  242.5   993  3.305E+10  5.932E+13  9.999E-38  9.999E-38  125.8  160.6   30.1   15.0   32.0   18.0   27.0   35.4   22.8
2000  1  1   1  0.00   65.0  -25.0  125.0  4.691E+07  2.612E+15  7.003E+14 1.608E-07  225.6   993  1.739E+10  3.121E+13  9.999E-38  9.999E-38  125.8  160.6   30.1   15.0   32.0   18.0   27.0   35.4   22.8
2000  1  1   1  0.00   70.0  -25.0  125.0  8.735E+07  1.295E+15  3.473E+14 7.973E-08  211.4   993  8.626E+09  1.548E+13  9.999E-38  9.999E-38  125.8  160.6   30.1   15.0   32.0   18.0   27.0   35.4   22.8
2000  1  1   1  0.00   75.0  -25.0  125.0  2.098E+08  6.007E+14  1.611E+14 3.698E-08  204.0   993  4.001E+09  7.179E+12  9.999E-38  9.999E-38  125.8  160.6   30.1   15.0   32.0   18.0   27.0   35.4   22.8
2000  1  1   1  0.00   80.0  -25.0  125.0  1.745E+09  2.695E+14  7.226E+13 1.659E-08  198.9   993  1.818E+09  3.220E+12  1.522E+08  9.999E-38  125.8  160.6   30.1   15.0   32.0   18.0   27.0   35.4   22.8
2000  1  1   1  0.00   85.0  -25.0  125.0  8.666E+10  1.174E+14  3.146E+13 7.229E-09  197.1   993  8.355E+08  1.402E+12  2.139E+08  9.999E-38  125.8  160.6   30.1   15.0   32.0   18.0   27.0   35.4   22.8
2000  1  1   1  0.00   90.0  -25.0  125.0  4.537E+11  5.088E+13  1.350E+13 3.136E-09  197.1   993  4.056E+08  5.994E+11  1.331E+08  9.999E-38  125.8  160.6   30.1   15.0   32.0   18.0   27.0   35.4   22.8
2000  1  1   1  0.00   95.0  -25.0  125.0  8.185E+11  2.263E+13  5.823E+12 1.401E-09  192.4   993  2.269E+08  2.559E+11  7.975E+07  8.644E+04  125.8  160.6   30.1   15.0   32.0   18.0   27.0   35.4   22.8
2000  1  1   1  0.00  100.0  -25.0  125.0  6.663E+11  9.977E+12  2.402E+12 6.163E-10  183.9   993  1.437E+08  1.031E+11  4.862E+07  1.785E+05  125.8  160.6   30.1   15.0   32.0   18.0   27.0   35.4   22.8
2000  1  1   1  0.00  105.0  -25.0  125.0  3.307E+11  4.051E+12  8.706E+11 2.459E-10  188.7   993  9.560E+07  3.584E+10  2.820E+07  3.243E+05  125.8  160.6   30.1   15.0   32.0   18.0   27.0   35.4   22.8
2000  1  1   1  0.00  110.0  -25.0  125.0  1.745E+11  1.554E+12  2.890E+11 9.303E-11  222.0   993  6.345E+07  1.154E+10  1.534E+07  5.264E+05  125.8  160.6   30.1   15.0   32.0   18.0   27.0   35.4   22.8
2000  1  1   1  0.00  115.0  -25.0  125.0  9.837E+10  6.354E+11  1.015E+11 3.783E-11  286.3   993  4.145E+07  4.021E+09  8.032E+06  8.145E+05  125.8  160.6   30.1   15.0   32.0   18.0   27.0   35.4   22.8
2000  1  1   1  0.00  120.0  -25.0  125.0  6.067E+10  3.018E+11  4.159E+10 1.797E-11  368.8   993  2.858E+07  1.665E+09  4.449E+06  1.269E+06  125.8  160.6   30.1   15.0   32.0   18.0   27.0   35.4   22.8
2000  1  1   1  0.00  125.0  -25.0  125.0  4.105E+10  1.658E+11  1.993E+10 9.916E-12  455.8   993  2.098E+07  8.132E+08  2.678E+06  1.986E+06  125.8  160.6   30.1   15.0   32.0   18.0   27.0   35.4   22.8
2000  1  1   1  0.00  130.0  -25.0  125.0  3.005E+10  1.028E+11  1.091E+10 6.188E-12  533.4   993  1.648E+07  4.560E+08  1.747E+06  3.072E+06  125.8  160.6   30.1   15.0   32.0   18.0   27.0   35.4   22.8
2000  1  1   1  0.00  135.0  -25.0  125.0  2.320E+10  6.910E+10  6.543E+09 4.197E-12  599.7   993  1.359E+07  2.804E+08  1.213E+06  4.611E+06  125.8  160.6   30.1   15.0   32.0   18.0   27.0   35.4   22.8
2000  1  1   1  0.00  140.0  -25.0  125.0  1.859E+10  4.909E+10  4.182E+09 3.012E-12  656.3   993  1.159E+07  1.833E+08  8.809E+05  6.665E+06  125.8  160.6   30.1   15.0   32.0   18.0   27.0   35.4   22.8
2000  1  1   1  0.00  145.0  -25.0  125.0  1.531E+10  3.626E+10  2.803E+09 2.251E-12  704.8   993  1.013E+07  1.251E+08  6.625E+05  9.256E+06  125.8  160.6   30.1   15.0   32.0   18.0   27.0   35.4   22.8
2000  1  1   1  0.00  150.0  -25.0  125.0  1.286E+10  2.757E+10  1.949E+09 1.734E-12  746.2   993  9.011E+06  8.824E+07  5.130E+05  1.232E+07  125.8  160.6   30.1   15.0   32.0   18.0   27.0   35.4   22.8
2000  1  1   1  0.00  155.0  -25.0  125.0  1.096E+10  2.142E+10  1.396E+09 1.366E-12  781.6   993  8.135E+06  6.382E+07  4.074E+05  1.571E+07  125.8  160.6   30.1   15.0   32.0   18.0   27.0   35.4   22.8
2000  1  1   1  0.00  160.0  -25.0  125.0  9.447E+09  1.694E+10  1.025E+09 1.097E-12  811.9   993  7.432E+06  4.704E+07  3.311E+05  1.922E+07  125.8  160.6   30.1   15.0   32.0   18.0   27.0   35.4   22.8
2000  1  1   1  0.00  165.0  -25.0  125.0  8.225E+09  1.357E+10  7.677E+08 8.936E-13  837.8   993  6.856E+06  3.519E+07  2.749E+05  2.261E+07  125.8  160.6   30.1   15.0   32.0   18.0   27.0   35.4   22.8
2000  1  1   1  0.00  170.0  -25.0  125.0  7.219E+09  1.100E+10  5.854E+08 7.368E-13  860.0   993  6.377E+06  2.664E+07  2.328E+05  2.564E+07  125.8  160.6   30.1   15.0   32.0   18.0   27.0   35.4   22.8
2000  1  1   1  0.00  175.0  -25.0  125.0  6.378E+09  8.989E+09  4.530E+08 6.137E-13  879.0   993  5.974E+06  2.035E+07  2.010E+05  2.813E+07  125.8  160.6   30.1   15.0   32.0   18.0   27.0   35.4   22.8
2000  1  1   1  0.00  180.0  -25.0  125.0  5.665E+09  7.402E+09  3.550E+08 5.155E-13  895.3   993  5.631E+06  1.566E+07  1.765E+05  2.996E+07  125.8  160.6   30.1   15.0   32.0   18.0   27.0   35.4   22.8
2000  1  1   1  0.00  185.0  -25.0  125.0  5.056E+09  6.133E+09  2.812E+08 4.361E-13  909.2   993  5.335E+06  1.213E+07  1.576E+05  3.111E+07  125.8  160.6   30.1   15.0   32.0   18.0   27.0   35.4   22.8
2000  1  1   1  0.00  190.0  -25.0  125.0  4.529E+09  5.107E+09  2.248E+08 3.712E-13  921.1   993  5.079E+06  9.444E+06  1.427E+05  3.160E+07  125.8  160.6   30.1   15.0   32.0   18.0   27.0   35.4   22.8
2000  1  1   1  0.00  195.0  -25.0  125.0  4.071E+09  4.271E+09  1.811E+08 3.177E-13  931.3   993  4.854E+06  7.384E+06  1.310E+05  3.152E+07  125.8  160.6   30.1   15.0   32.0   18.0   27.0   35.4   22.8
2000  1  1   1  0.00  200.0  -25.0  125.0  3.669E+09  3.585E+09  1.468E+08 2.732E-13  940.1   993  4.655E+06  5.795E+06  1.216E+05  3.097E+07  125.8  160.6   30.1   15.0   32.0   18.0   27.0   35.4   22.8
2000  1  1   1  0.00  205.0  -25.0  125.0  3.314E+09  3.019E+09  1.197E+08 2.359E-13  947.6   993  4.477E+06  4.562E+06  1.140E+05  3.005E+07  125.8  160.6   30.1   15.0   32.0   18.0   27.0   35.4   22.8
2000  1  1   1  0.00  210.0  -25.0  125.0  3.000E+09  2.548E+09  9.804E+07 2.044E-13  954.1   993  4.317E+06  3.601E+06  1.079E+05  2.887E+07  125.8  160.6   30.1   15.0   32.0   18.0   27.0   35.4   22.8
2000  1  1   1  0.00  215.0  -25.0  125.0  2.720E+09  2.156E+09  8.061E+07 1.777E-13  959.6   993  4.172E+06  2.849E+06  1.029E+05  2.751E+07  125.8  160.6   30.1   15.0   32.0   18.0   27.0   35.4   22.8
2000  1  1   1  0.00  220.0  -25.0  125.0  2.470E+09  1.828E+09  6.649E+07 1.550E-13  964.3   993  4.039E+06  2.259E+06  9.873E+04  2.606E+07  125.8  160.6   30.1   15.0   32.0   18.0   27.0   35.4   22.8
2000  1  1   1  0.00  225.0  -25.0  125.0  2.246E+09  1.552E+09  5.499E+07 1.355E-13  968.4   993  3.917E+06  1.795E+06  9.528E+04  2.455E+07  125.8  160.6   30.1   15.0   32.0   18.0   27.0   35.4   22.8
2000  1  1   1  0.00  230.0  -25.0  125.0  2.044E+09  1.320E+09  4.559E+07 1.188E-13  971.9   993  3.803E+06  1.428E+06  9.240E+04  2.304E+07  125.8  160.6   30.1   15.0   32.0   18.0   27.0   35.4   22.8
2000  1  1   1  0.00  235.0  -25.0  125.0  1.862E+09  1.124E+09  3.788E+07 1.044E-13  974.9   993  3.697E+06  1.138E+06  8.996E+04  2.156E+07  125.8  160.6   30.1   15.0   32.0   18.0   27.0   35.4   22.8
2000  1  1   1  0.00  240.0  -25.0  125.0  1.698E+09  9.582E+08  3.152E+07 9.192E-14  977.5   993  3.597E+06  9.076E+05  8.789E+04  2.012E+07  125.8  160.6   30.1   15.0   32.0   18.0   27.0   35.4   22.8
2000  1  1   1  0.00  245.0  -25.0  125.0  1.550E+09  8.177E+08  2.626E+07 8.111E-14  979.7   993  3.503E+06  7.249E+05  8.612E+04  1.875E+07  125.8  160.6   30.1   15.0   32.0   18.0   27.0   35.4   22.8
2000  1  1   1  0.00  250.0  -25.0  125.0  1.415E+09  6.984E+08  2.192E+07 7.171E-14  981.6   993  3.414E+06  5.796E+05  8.458E+04  1.744E+07  125.8  160.6   30.1   15.0   32.0   18.0   27.0   35.4   22.8
2000  1  1   1  0.00  255.0  -25.0  125.0  1.293E+09  5.969E+08  1.831E+07 6.352E-14  983.2   993  3.330E+06  4.639E+05  8.324E+04  1.621E+07  125.8  160.6   30.1   15.0   32.0   18.0   27.0   35.4   22.8
2000  1  1   1  0.00  260.0  -25.0  125.0  1.182E+09  5.106E+08  1.531E+07 5.636E-14  984.6   993  3.249E+06  3.715E+05  8.207E+04  1.506E+07  125.8  160.6   30.1   15.0   32.0   18.0   27.0   35.4   22.8
2000  1  1   1  0.00  265.0  -25.0  125.0  1.081E+09  4.370E+08  1.281E+07 5.009E-14  985.8   993  3.171E+06  2.978E+05  8.102E+04  1.397E+07  125.8  160.6   30.1   15.0   32.0   18.0   27.0   35.4   22.8
2000  1  1   1  0.00  270.0  -25.0  125.0  9.887E+08  3.743E+08  1.073E+07 4.459E-14  986.8   993  3.096E+06  2.389E+05  8.009E+04  1.297E+07  125.8  160.6   30.1   15.0   32.0   18.0   27.0   35.4   22.8
2000  1  1   1  0.00  275.0  -25.0  125.0  9.049E+08  3.207E+08  8.990E+06 3.975E-14  987.7   993  3.025E+06  1.918E+05  7.924E+04  1.203E+07  125.8  160.6   30.1   15.0   32.0   18.0   27.0   35.4   22.8
2000  1  1   1  0.00  280.0  -25.0  125.0  8.284E+08  2.750E+08  7.539E+06 3.549E-14  988.5   993  2.955E+06  1.540E+05  7.847E+04  1.115E+07  125.8  160.6   30.1   15.0   32.0   18.0   27.0   35.4   22.8
2000  1  1   1  0.00  285.0  -25.0  125.0  7.587E+08  2.358E+08  6.326E+06 3.173E-14  989.2   993  2.888E+06  1.238E+05  7.777E+04  1.034E+07  125.8  160.6   30.1   15.0   32.0   18.0   27.0   35.4   22.8
2000  1  1   1  0.00  290.0  -25.0  125.0  6.950E+08  2.024E+08  5.310E+06 2.841E-14  989.7   993  2.823E+06  9.954E+04  7.711E+04  9.586E+06  125.8  160.6   30.1   15.0   32.0   18.0   27.0   35.4   22.8
2000  1  1   1  0.00  295.0  -25.0  125.0  6.368E+08  1.737E+08  4.460E+06 2.547E-14  990.2   993  2.761E+06  8.008E+04  7.650E+04  8.888E+06  125.8  160.6   30.1   15.0   32.0   18.0   27.0   35.4   22.8
2000  1  1   1  0.00  300.0  -25.0  125.0  5.836E+08  1.491E+08  3.747E+06 2.286E-14  990.6   993  2.700E+06  6.446E+04  7.593E+04  8.240E+06  125.8  160.6   30.1   15.0   32.0   18.0   27.0   35.4   22.8
2000  1  1   1  0.00  305.0  -25.0  125.0  5.350E+08  1.281E+08  3.150E+06 2.054E-14  991.0   993  2.640E+06  5.191E+04  7.538E+04  7.641E+06  125.8  160.6   30.1   15.0   32.0   18.0   27.0   35.4   22.8
2000  1  1   1  0.00  310.0  -25.0  125.0  4.906E+08  1.101E+08  2.649E+06 1.848E-14  991.3   993  2.582E+06  4.182E+04  7.487E+04  7.085E+06  125.8  160.6   30.1   15.0   32.0   18.0   27.0   35.4   22.8
2000  1  1   1  0.00  315.0  -25.0  125.0  4.499E+08  9.463E+07  2.228E+06 1.664E-14  991.6   993  2.526E+06  3.370E+04  7.437E+04  6.570E+06  125.8  160.6   30.1   15.0   32.0   18.0   27.0   35.4   22.8
2000  1  1   1  0.00  320.0  -25.0  125.0  4.127E+08  8.136E+07  1.875E+06 1.501E-14  991.8   993  2.472E+06  2.718E+04  7.389E+04  6.093E+06  125.8  160.6   30.1   15.0   32.0   18.0   27.0   35.4   22.8
2000  1  1   1  0.00  325.0  -25.0  125.0  3.786E+08  6.998E+07  1.578E+06 1.355E-14  992.0   993  2.418E+06  2.192E+04  7.343E+04  5.652E+06  125.8  160.6   30.1   15.0   32.0   18.0   27.0   35.4   22.8
2000  1  1   1  0.00  330.0  -25.0  125.0  3.474E+08  6.020E+07  1.329E+06 1.224E-14  992.2   993  2.366E+06  1.769E+04  7.299E+04  5.243E+06  125.8  160.6   30.1   15.0   32.0   18.0   27.0   35.4   22.8
2000  1  1   1  0.00  335.0  -25.0  125.0  3.188E+08  5.180E+07  1.120E+06 1.107E-14  992.3   993  2.316E+06  1.428E+04  7.255E+04  4.864E+06  125.8  160.6   30.1   15.0   32.0   18.0   27.0   35.4   22.8
2000  1  1   1  0.00  340.0  -25.0  125.0  2.926E+08  4.459E+07  9.434E+05 1.002E-14  992.5   993  2.266E+06  1.153E+04  7.213E+04  4.513E+06  125.8  160.6   30.1   15.0   32.0   18.0   27.0   35.4   22.8
2000  1  1   1  0.00  345.0  -25.0  125.0  2.686E+08  3.839E+07  7.951E+05 9.078E-15  992.6   993  2.218E+06  9.316E+03  7.171E+04  4.188E+06  125.8  160.6   30.1   15.0   32.0   18.0   27.0   35.4   22.8
2000  1  1   1  0.00  350.0  -25.0  125.0  2.466E+08  3.306E+07  6.704E+05 8.232E-15  992.7   993  2.171E+06  7.528E+03  7.130E+04  3.886E+06  125.8  160.6   30.1   15.0   32.0   18.0   27.0   35.4   22.8
2000  1  1   1  0.00  355.0  -25.0  125.0  2.265E+08  2.848E+07  5.653E+05 7.471E-15  992.7   993  2.125E+06  6.086E+03  7.090E+04  3.607E+06  125.8  160.6   30.1   15.0   32.0   18.0   27.0   35.4   22.8
2000  1  1   1  0.00  360.0  -25.0  125.0  2.080E+08  2.454E+07  4.769E+05 6.786E-15  992.8   993  2.080E+06  4.922E+03  7.051E+04  3.348E+06  125.8  160.6   30.1   15.0   32.0   18.0   27.0   35.4   22.8
2000  1  1   1  0.00  365.0  -25.0  125.0  1.911E+08  2.115E+07  4.024E+05 6.168E-15  992.9   993  2.036E+06  3.981E+03  7.012E+04  3.108E+06  125.8  160.6   30.1   15.0   32.0   18.0   27.0   35.4   22.8
2000  1  1   1  0.00  370.0  -25.0  125.0  1.755E+08  1.823E+07  3.397E+05 5.611E-15  992.9   993  1.993E+06  3.222E+03  6.974E+04  2.886E+06  125.8  160.6   30.1   15.0   32.0   18.0   27.0   35.4   22.8
2000  1  1   1  0.00  375.0  -25.0  125.0  1.613E+08  1.572E+07  2.868E+05 5.107E-15  993.0   993  1.951E+06  2.608E+03  6.936E+04  2.680E+06  125.8  160.6   30.1   15.0   32.0   18.0   27.0   35.4   22.8
2000  1  1   1  0.00  380.0  -25.0  125.0  1.482E+08  1.356E+07  2.422E+05 4.652E-15  993.0   993  1.911E+06  2.112E+03  6.898E+04  2.489E+06  125.8  160.6   30.1   15.0   32.0   18.0   27.0   35.4   22.8
2000  1  1   1  0.00  385.0  -25.0  125.0  1.362E+08  1.170E+07  2.046E+05 4.241E-15  993.1   993  1.871E+06  1.711E+03  6.861E+04  2.312E+06  125.8  160.6   30.1   15.0   32.0   18.0   27.0   35.4   22.8
2000  1  1   1  0.00  390.0  -25.0  125.0  1.252E+08  1.009E+07  1.728E+05 3.868E-15  993.1   993  1.832E+06  1.386E+03  6.825E+04  2.147E+06  125.8  160.6   30.1   15.0   32.0   18.0   27.0   35.4   22.8
2000  1  1   1  0.00  395.0  -25.0  125.0  1.151E+08  8.710E+06  1.461E+05 3.530E-15  993.1   993  1.793E+06  1.124E+03  6.788E+04  1.995E+06  125.8  160.6   30.1   15.0   32.0   18.0   27.0   35.4   22.8
2000  1  1   1  0.00  400.0  -25.0  125.0  1.058E+08  7.519E+06  1.235E+05 3.223E-15  993.1   993  1.756E+06  9.111E+02  6.752E+04  1.853E+06  125.8  160.6   30.1   15.0   32.0   18.0   27.0   35.4   22.8
2000  1  1   1  0.00  405.0  -25.0  125.0  9.732E+07  6.492E+06  1.044E+05 2.945E-15  993.1   993  1.720E+06  7.390E+02  6.717E+04  1.722E+06  125.8  160.6   30.1   15.0   32.0   18.0   27.0   35.4   22.8
2000  1  1   1  0.00  410.0  -25.0  125.0  8.950E+07  5.607E+06  8.832E+04 2.692E-15  993.2   993  1.684E+06  5.996E+02  6.681E+04  1.600E+06  125.8  160.6   30.1   15.0   32.0   18.0   27.0   35.4   22.8
2000  1  1   1  0.00  415.0  -25.0  125.0  8.232E+07  4.843E+06  7.472E+04 2.463E-15  993.2   993  1.649E+06  4.866E+02  6.646E+04  1.487E+06  125.8  160.6   30.1   15.0   32.0   18.0   27.0   35.4   22.8
2000  1  1   1  0.00  420.0  -25.0  125.0  7.573E+07  4.185E+06  6.323E+04 2.253E-15  993.2   993  1.615E+06  3.950E+02  6.611E+04  1.383E+06  125.8  160.6   30.1   15.0   32.0   18.0   27.0   35.4   22.8
2000  1  1   1  0.00  425.0  -25.0  125.0  6.967E+07  3.616E+06  5.352E+04 2.063E-15  993.2   993  1.582E+06  3.208E+02  6.577E+04  1.285E+06  125.8  160.6   30.1   15.0   32.0   18.0   27.0   35.4   22.8
2000  1  1   1  0.00  430.0  -25.0  125.0  6.411E+07  3.126E+06  4.531E+04 1.890E-15  993.2   993  1.549E+06  2.606E+02  6.542E+04  1.195E+06  125.8  160.6   30.1   15.0   32.0   18.0   27.0   35.4   22.8
2000  1  1   1  0.00  435.0  -25.0  125.0  5.900E+07  2.703E+06  3.837E+04 1.732E-15  993.2   993  1.517E+06  2.118E+02  6.508E+04  1.111E+06  125.8  160.6   30.1   15.0   32.0   18.0   27.0   35.4   22.8
2000  1  1   1  0.00  440.0  -25.0  125.0  5.430E+07  2.337E+06  3.250E+04 1.588E-15  993.2   993  1.486E+06  1.721E+02  6.475E+04  1.033E+06  125.8  160.6   30.1   15.0   32.0   18.0   27.0   35.4   22.8
2000  1  1   1  0.00  445.0  -25.0  125.0  4.998E+07  2.021E+06  2.754E+04 1.456E-15  993.2   993  1.456E+06  1.400E+02  6.441E+04  9.609E+05  125.8  160.6   30.1   15.0   32.0   18.0   27.0   35.4   22.8
2000  1  1   1  0.00  450.0  -25.0  125.0  4.601E+07  1.749E+06  2.334E+04 1.336E-15  993.2   993  1.426E+06  1.138E+02  6.408E+04  8.938E+05  125.8  160.6   30.1   15.0   32.0   18.0   27.0   35.4   22.8
2000  1  1   1  0.00  455.0  -25.0  125.0  4.236E+07  1.513E+06  1.979E+04 1.226E-15  993.2   993  1.397E+06  9.263E+01  6.375E+04  8.314E+05  125.8  160.6   30.1   15.0   32.0   18.0   27.0   35.4   22.8
2000  1  1   1  0.00  460.0  -25.0  125.0  3.901E+07  1.310E+06  1.678E+04 1.126E-15  993.2   993  1.368E+06  7.539E+01  6.342E+04  7.735E+05  125.8  160.6   30.1   15.0   32.0   18.0   27.0   35.4   22.8
2000  1  1   1  0.00  465.0  -25.0  125.0  3.592E+07  1.134E+06  1.423E+04 1.034E-15  993.3   993  1.340E+06  6.137E+01  6.309E+04  7.197E+05  125.8  160.6   30.1   15.0   32.0   18.0   27.0   35.4   22.8
2000  1  1   1  0.00  470.0  -25.0  125.0  3.309E+07  9.818E+05  1.207E+04 9.506E-16  993.3   993  1.313E+06  4.998E+01  6.277E+04  6.697E+05  125.8  160.6   30.1   15.0   32.0   18.0   27.0   35.4   22.8
2000  1  1   1  0.00  475.0  -25.0  125.0  3.048E+07  8.503E+05  1.024E+04 8.738E-16  993.3   993  1.286E+06  4.071E+01  6.245E+04  6.232E+05  125.8  160.6   30.1   15.0   32.0   18.0   27.0   35.4   22.8
2000  1  1   1  0.00  480.0  -25.0  125.0  2.808E+07  7.365E+05  8.692E+03 8.035E-16  993.3   993  1.260E+06  3.317E+01  6.213E+04  5.800E+05  125.8  160.6   30.1   15.0   32.0   18.0   27.0   35.4   22.8
2000  1  1   1  0.00  485.0  -25.0  125.0  2.587E+07  6.382E+05  7.379E+03 7.391E-16  993.3   993  1.235E+06  2.704E+01  6.181E+04  5.399E+05  125.8  160.6   30.1   15.0   32.0   18.0   27.0   35.4   22.8
2000  1  1   1  0.00  490.0  -25.0  125.0  2.384E+07  5.530E+05  6.266E+03 6.802E-16  993.3   993  1.210E+06  2.205E+01  6.149E+04  5.026E+05  125.8  160.6   30.1   15.0   32.0   18.0   27.0   35.4   22.8
2000  1  1   1  0.00  495.0  -25.0  125.0  2.197E+07  4.794E+05  5.322E+03 6.261E-16  993.3   993  1.185E+06  1.798E+01  6.118E+04  4.679E+05  125.8  160.6   30.1   15.0   32.0   18.0   27.0   35.4   22.8
2000  1  1   1  0.00  500.0  -25.0  125.0  2.025E+07  4.156E+05  4.521E+03 5.765E-16  993.3   993  1.161E+06  1.467E+01  6.087E+04  4.357E+05  125.8  160.6   30.1   15.0   32.0   18.0   27.0   35.4   22.8
2000  1  1   1  0.00  505.0  -25.0  125.0  1.867E+07  3.604E+05  3.842E+03 5.310E-16  993.3   993  1.138E+06  1.197E+01  6.056E+04  4.057E+05  125.8  160.6   30.1   15.0   32.0   18.0   27.0   35.4   22.8
2000  1  1   1  0.00  510.0  -25.0  125.0  1.721E+07  3.126E+05  3.265E+03 4.892E-16  993.3   993  1.115E+06  9.772E+00  6.025E+04  3.779E+05  125.8  160.6   30.1   15.0   32.0   18.0   27.0   35.4   22.8
2000  1  1   1  0.00  515.0  -25.0  125.0  1.587E+07  2.712E+05  2.776E+03 4.509E-16  993.3   993  1.093E+06  7.979E+00  5.995E+04  3.519E+05  125.8  160.6   30.1   15.0   32.0   18.0   27.0   35.4   22.8
2000  1  1   1  0.00  520.0  -25.0  125.0  1.463E+07  2.353E+05  2.361E+03 4.157E-16  993.3   993  1.071E+06  6.517E+00  5.965E+04  3.278E+05  125.8  160.6   30.1   15.0   32.0   18.0   27.0   35.4   22.8
2000  1  1   1  0.00  525.0  -25.0  125.0  1.349E+07  2.042E+05  2.008E+03 3.833E-16  993.3   993  1.049E+06  5.325E+00  5.935E+04  3.054E+05  125.8  160.6   30.1   15.0   32.0   18.0   27.0   35.4   22.8
2000  1  1   1  0.00  530.0  -25.0  125.0  1.245E+07  1.773E+05  1.708E+03 3.536E-16  993.3   993  1.028E+06  4.352E+00  5.905E+04  2.845E+05  125.8  160.6   30.1   15.0   32.0   18.0   27.0   35.4   22.8
2000  1  1   1  0.00  535.0  -25.0  125.0  1.148E+07  1.539E+05  1.454E+03 3.263E-16  993.3   993  1.008E+06  3.558E+00  5.875E+04  2.651E+05  125.8  160.6   30.1   15.0   32.0   18.0   27.0   35.4   22.8
2000  1  1   1  0.00  540.0  -25.0  125.0  1.059E+07  1.337E+05  1.237E+03 3.012E-16  993.3   993  9.876E+05  2.909E+00  5.845E+04  2.471E+05  125.8  160.6   30.1   15.0   32.0   18.0   27.0   35.4   22.8
2000  1  1   1  0.00  545.0  -25.0  125.0  9.774E+06  1.161E+05  1.053E+03 2.781E-16  993.3   993  9.679E+05  2.380E+00  5.816E+04  2.303E+05  125.8  160.6   30.1   15.0   32.0   18.0   27.0   35.4   22.8
2000  1  1   1  0.00  550.0  -25.0  125.0  9.020E+06  1.009E+05  8.970E+02 2.568E-16  993.3   993  9.487E+05  1.947E+00  5.787E+04  2.146E+05  125.8  160.6   30.1   15.0   32.0   18.0   27.0   35.4   22.8
2000  1  1   1  0.00  555.0  -25.0  125.0  8.324E+06  8.764E+04  7.640E+02 2.372E-16  993.3   993  9.298E+05  1.594E+00  5.758E+04  2.001E+05  125.8  160.6   30.1   15.0   32.0   18.0   27.0   35.4   22.8
2000  1  1   1  0.00  560.0  -25.0  125.0  7.683E+06  7.617E+04  6.509E+02 2.192E-16  993.3   993  9.114E+05  1.305E+00  5.729E+04  1.865E+05  125.8  160.6   30.1   15.0   32.0   18.0   27.0   35.4   22.8
2000  1  1   1  0.00  565.0  -25.0  125.0  7.093E+06  6.621E+04  5.546E+02 2.027E-16  993.3   993  8.933E+05  1.069E+00  5.701E+04  1.739E+05  125.8  160.6   30.1   15.0   32.0   18.0   27.0   35.4   22.8
2000  1  1   1  0.00  570.0  -25.0  125.0  6.548E+06  5.757E+04  4.728E+02 1.874E-16  993.3   993  8.757E+05  8.753E-01  5.672E+04  1.622E+05  125.8  160.6   30.1   15.0   32.0   18.0   27.0   35.4   22.8
2000  1  1   1  0.00  575.0  -25.0  125.0  6.046E+06  5.007E+04  4.030E+02 1.733E-16  993.3   993  8.584E+05  7.173E-01  5.644E+04  1.512E+05  125.8  160.6   30.1   15.0   32.0   18.0   27.0   35.4   22.8
2000  1  1   1  0.00  580.0  -25.0  125.0  5.583E+06  4.355E+04  3.437E+02 1.604E-16  993.3   993  8.415E+05  5.879E-01  5.616E+04  1.410E+05  125.8  160.6   30.1   15.0   32.0   18.0   27.0   35.4   22.8
2000  1  1   1  0.00  585.0  -25.0  125.0  5.156E+06  3.789E+04  2.931E+02 1.484E-16  993.3   993  8.249E+05  4.820E-01  5.588E+04  1.316E+05  125.8  160.6   30.1   15.0   32.0   18.0   27.0   35.4   22.8
2000  1  1   1  0.00  590.0  -25.0  125.0  4.763E+06  3.297E+04  2.501E+02 1.374E-16  993.3   993  8.087E+05  3.953E-01  5.560E+04  1.227E+05  125.8  160.6   30.1   15.0   32.0   18.0   27.0   35.4   22.8
2000  1  1   1  0.00  595.0  -25.0  125.0  4.400E+06  2.869E+04  2.134E+02 1.273E-16  993.3   993  7.928E+05  3.243E-01  5.533E+04  1.145E+05  125.8  160.6   30.1   15.0   32.0   18.0   27.0   35.4   22.8
2000  1  1   1  0.00  600.0  -25.0  125.0  4.065E+06  2.498E+04  1.822E+02 1.179E-16  993.3   993  7.773E+05  2.661E-01  5.506E+04  1.068E+05  125.8  160.6   30.1   15.0   32.0   18.0   27.0   35.4   22.8
2000  1  1   1  0.00  605.0  -25.0  125.0  3.756E+06  2.175E+04  1.555E+02 1.093E-16  993.3   993  7.621E+05  2.184E-01  5.479E+04  9.967E+04  125.8  160.6   30.1   15.0   32.0   18.0   27.0   35.4   22.8
2000  1  1   1  0.00  610.0  -25.0  125.0  3.470E+06  1.894E+04  1.328E+02 1.013E-16  993.3   993  7.472E+05  1.793E-01  5.452E+04  9.302E+04  125.8  160.6   30.1   15.0   32.0   18.0   27.0   35.4   22.8
2000  1  1   1  0.00  615.0  -25.0  125.0  3.207E+06  1.650E+04  1.134E+02 9.392E-17  993.3   993  7.326E+05  1.473E-01  5.425E+04  8.681E+04  125.8  160.6   30.1   15.0   32.0   18.0   27.0   35.4   22.8
2000  1  1   1  0.00  620.0  -25.0  125.0  2.964E+06  1.437E+04  9.689E+01 8.713E-17  993.3   993  7.183E+05  1.210E-01  5.398E+04  8.103E+04  125.8  160.6   30.1   15.0   32.0   18.0   27.0   35.4   22.8
2000  1  1   1  0.00  625.0  -25.0  125.0  2.740E+06  1.253E+04  8.279E+01 8.086E-17  993.3   993  7.043E+05  9.944E-02  5.372E+04  7.564E+04  125.8  160.6   30.1   15.0   32.0   18.0   27.0   35.4   22.8
2000  1  1   1  0.00  630.0  -25.0  125.0  2.533E+06  1.092E+04  7.076E+01 7.507E-17  993.3   993  6.906E+05  8.174E-02  5.345E+04  7.062E+04  125.8  160.6   30.1   15.0   32.0   18.0   27.0   35.4   22.8
2000  1  1   1  0.00  635.0  -25.0  125.0  2.342E+06  9.517E+03  6.049E+01 6.972E-17  993.3   993  6.772E+05  6.721E-02  5.319E+04  6.593E+04  125.8  160.6   30.1   15.0   32.0   18.0   27.0   35.4   22.8
2000  1  1   1  0.00  640.0  -25.0  125.0  2.166E+06  8.298E+03  5.173E+01 6.478E-17  993.3   993  6.641E+05  5.528E-02  5.293E+04  6.156E+04  125.8  160.6   30.1   15.0   32.0   18.0   27.0   35.4   22.8
2000  1  1   1  0.00  645.0  -25.0  125.0  2.003E+06  7.236E+03  4.424E+01 6.021E-17  993.3   993  6.512E+05  4.547E-02  5.267E+04  5.749E+04  125.8  160.6   30.1   15.0   32.0   18.0   27.0   35.4   22.8
2000  1  1   1  0.00  650.0  -25.0  125.0  1.853E+06  6.312E+03  3.785E+01 5.598E-17  993.3   993  6.387E+05  3.742E-02  5.242E+04  5.369E+04  125.8  160.6   30.1   15.0   32.0   18.0   27.0   35.4   22.8
2000  1  1   1  0.00  655.0  -25.0  125.0  1.714E+06  5.507E+03  3.238E+01 5.208E-17  993.3   993  6.263E+05  3.080E-02  5.216E+04  5.015E+04  125.8  160.6   30.1   15.0   32.0   18.0   27.0   35.4   22.8
2000  1  1   1  0.00  660.0  -25.0  125.0  1.585E+06  4.805E+03  2.771E+01 4.846E-17  993.3   993  6.143E+05  2.536E-02  5.191E+04  4.685E+04  125.8  160.6   30.1   15.0   32.0   18.0   27.0   35.4   22.8
2000  1  1   1  0.00  665.0  -25.0  125.0  1.467E+06  4.194E+03  2.372E+01 4.512E-17  993.3   993  6.024E+05  2.089E-02  5.166E+04  4.377E+04  125.8  160.6   30.1   15.0   32.0   18.0   27.0   35.4   22.8
2000  1  1   1  0.00  670.0  -25.0  125.0  1.357E+06  3.661E+03  2.031E+01 4.203E-17  993.3   993  5.909E+05  1.721E-02  5.141E+04  4.089E+04  125.8  160.6   30.1   15.0   32.0   18.0   27.0   35.4   22.8
2000  1  1   1  0.00  675.0  -25.0  125.0  1.256E+06  3.196E+03  1.740E+01 3.917E-17  993.3   993  5.795E+05  1.418E-02  5.116E+04  3.821E+04  125.8  160.6   30.1   15.0   32.0   18.0   27.0   35.4   22.8
2000  1  1   1  0.00  680.0  -25.0  125.0  1.163E+06  2.791E+03  1.490E+01 3.652E-17  993.3   993  5.684E+05  1.169E-02  5.091E+04  3.571E+04  125.8  160.6   30.1   15.0   32.0   18.0   27.0   35.4   22.8
2000  1  1   1  0.00  685.0  -25.0  125.0  1.076E+06  2.438E+03  1.277E+01 3.407E-17  993.3   993  5.575E+05  9.638E-03  5.067E+04  3.337E+04  125.8  160.6   30.1   15.0   32.0   18.0   27.0   35.4   22.8
2000  1  1   1  0.00  690.0  -25.0  125.0  9.962E+05  2.130E+03  1.094E+01 3.180E-17  993.3   993  5.469E+05  7.949E-03  5.042E+04  3.119E+04  125.8  160.6   30.1   15.0   32.0   18.0   27.0   35.4   22.8
2000  1  1   1  0.00  695.0  -25.0  125.0  9.223E+05  1.861E+03  9.379E+00 2.969E-17  993.3   993  5.364E+05  6.557E-03  5.018E+04  2.916E+04  125.8  160.6   30.1   15.0   32.0   18.0   27.0   35.4   22.8
2000  1  1   1  0.00  700.0  -25.0  125.0  8.540E+05  1.626E+03  8.041E+00 2.774E-17  993.3   993  5.262E+05  5.411E-03  4.994E+04  2.726E+04  125.8  160.6   30.1   15.0   32.0   18.0   27.0   35.4   22.8
2000  1  1   1  0.00  705.0  -25.0  125.0  7.908E+05  1.422E+03  6.895E+00 2.593E-17  993.3   993  5.162E+05  4.466E-03  4.970E+04  2.548E+04  125.8  160.6   30.1   15.0   32.0   18.0   27.0   35.4   22.8
2000  1  1   1  0.00  710.0  -25.0  125.0  7.324E+05  1.243E+03  5.914E+00 2.426E-17  993.3   993  5.064E+05  3.688E-03  4.946E+04  2.383E+04  125.8  160.6   30.1   15.0   32.0   18.0   27.0   35.4   22.8
2000  1  1   1  0.00  715.0  -25.0  125.0  6.784E+05  1.087E+03  5.074E+00 2.270E-17  993.3   993  4.968E+05  3.046E-03  4.923E+04  2.228E+04  125.8  160.6   30.1   15.0   32.0   18.0   27.0   35.4   22.8
2000  1  1   1  0.00  720.0  -25.0  125.0  6.284E+05  9.506E+02  4.354E+00 2.126E-17  993.3   993  4.874E+05  2.516E-03  4.899E+04  2.084E+04  125.8  160.6   30.1   15.0   32.0   18.0   27.0   35.4   22.8
2000  1  1   1  0.00  725.0  -25.0  125.0  5.822E+05  8.316E+02  3.737E+00 1.992E-17  993.3   993  4.782E+05  2.079E-03  4.876E+04  1.949E+04  125.8  160.6   30.1   15.0   32.0   18.0   27.0   35.4   22.8
2000  1  1   1  0.00  730.0  -25.0  125.0  5.394E+05  7.276E+02  3.208E+00 1.868E-17  993.3   993  4.691E+05  1.718E-03  4.853E+04  1.823E+04  125.8  160.6   30.1   15.0   32.0   18.0   27.0   35.4   22.8
2000  1  1   1  0.00  735.0  -25.0  125.0  4.998E+05  6.367E+02  2.755E+00 1.752E-17  993.3   993  4.603E+05  1.421E-03  4.830E+04  1.705E+04  125.8  160.6   30.1   15.0   32.0   18.0   27.0   35.4   22.8
2000  1  1   1  0.00  740.0  -25.0  125.0  4.632E+05  5.573E+02  2.366E+00 1.645E-17  993.3   993  4.516E+05  1.175E-03  4.807E+04  1.595E+04  125.8  160.6   30.1   15.0   32.0   18.0   27.0   35.4   22.8
2000  1  1   1  0.00  745.0  -25.0  125.0  4.293E+05  4.879E+02  2.032E+00 1.546E-17  993.3   993  4.431E+05  9.718E-04  4.784E+04  1.493E+04  125.8  160.6   30.1   15.0   32.0   18.0   27.0   35.4   22.8