2012  3 30  90  0.00    0.0   19.0   69.0  9.999E-38  1.904E+19  5.106E+18 1.172E-03  297.8   789  1.268E+14  2.275E+17  9.999E-38  9.999E-38  111.2  113.5    4.5   12.0    9.0    5.0    3.0    3.0   22.4
2012  3 30  90  0.00    5.0   19.0   69.0  9.999E-38  1.154E+19  3.095E+18 7.105E-04  270.2   789  7.686E+13  1.379E+17  9.999E-38  9.999E-38  111.2  113.5    4.5   12.0    9.0    5.0    3.0    3.0   22.4
2012  3 30  90  0.00   10.0   19.0   69.0  9.999E-38  6.714E+18  1.800E+18 4.133E-04  238.3   789  4.471E+13  8.024E+16  9.999E-38  9.999E-38  111.2  113.5    4.5   12.0    9.0    5.0    3.0    3.0   22.4
2012  3 30  90  0.00   15.0   19.0   69.0  9.999E-38  3.620E+18  9.707E+17 2.228E-04  203.2   789  2.411E+13  4.326E+16  9.999E-38  9.999E-38  111.2  113.5    4.5   12.0    9.0    5.0    3.0    3.0   22.4
2012  3 30  90  0.00   20.0   19.0   69.0  9.999E-38  1.563E+18  4.191E+17 9.620E-05  201.4   789  1.041E+13  1.868E+16  9.999E-38  9.999E-38  111.2  113.5    4.5   12.0    9.0    5.0    3.0    3.0   22.4
2012  3 30  90  0.00   25.0   19.0   69.0  9.999E-38  6.432E+17  1.725E+17 3.959E-05  218.0   789  4.283E+12  7.687E+15  9.999E-38  9.999E-38  111.2  113.5    4.5   12.0    9.0    5.0    3.0    3.0   22.4
2012  3 30  90  0.00   30.0   19.0   69.0  9.999E-38  2.900E+17  7.777E+16 1.785E-05  226.4   789  1.931E+12  3.466E+15  9.999E-38  9.999E-38  111.2  113.5    4.5   12.0    9.0    5.0    3.0    3.0   22.4
2012  3 30  90  0.00   35.0   19.0   69.0  9.999E-38  1.329E+17  3.564E+16 8.182E-06  238.6   789  8.851E+11  1.588E+15  9.999E-38  9.999E-38  111.2  113.5    4.5   12.0    9.0    5.0    3.0    3.0   22.4
2012  3 30  90  0.00   40.0   19.0   69.0  9.999E-38  6.326E+16  1.696E+16 3.894E-06  252.4   789  4.213E+11  7.561E+14  9.999E-38  9.999E-38  111.2  113.5    4.5   12.0    9.0    5.0    3.0    3.0   22.4
2012  3 30  90  0.00   45.0   19.0   69.0  9.999E-38  3.161E+16  8.476E+15 1.946E-06  263.5   789  2.105E+11  3.778E+14  9.999E-38  9.999E-38  111.2  113.5    4.5   12.0    9.0    5.0    3.0    3.0   22.4
2012  3 30  90  0.00   50.0   19.0   69.0  9.999E-38  1.672E+16  4.483E+15 1.029E-06  264.4   789  1.113E+11  1.998E+14  9.999E-38  9.999E-38  111.2  113.5    4.5   12.0    9.0    5.0    3.0    3.0   22.4
2012  3 30  90  0.00   55.0   19.0   69.0  5.136E+07  9.120E+15  2.446E+15 5.614E-07  254.1   789  6.074E+10  1.090E+14  9.999E-38  9.999E-38  111.2  113.5    4.5   12.0    9.0    5.0    3.0    3.0   22.4
2012  3 30  90  0.00   60.0   19.0   69.0  4.380E+07  4.886E+15  1.310E+15 3.008E-07  241.3   789  3.254E+10  5.840E+13  9.999E-38  9.999E-38  111.2  113.5    4.5   12.0    9.0    5.0    3.0    3.0   22.4
2012  3 30  90  0.00   65.0   19.0   69.0  4.966E+07  2.549E+15  6.835E+14 1.569E-07  226.4   789  1.697E+10  3.046E+13  9.999E-38  9.999E-38  111.2  113.5    4.5   12.0    9.0    5.0    3.0    3.0   22.4
2012  3 30  90  0.00   70.0   19.0   69.0  1.034E+08  1.274E+15  3.417E+14 7.844E-08  211.2   789  8.485E+09  1.523E+13  9.999E-38  9.999E-38  111.2  113.5    4.5   12.0    9.0    5.0    3.0    3.0   22.4
2012  3 30  90  0.00   75.0   19.0   69.0  3.057E+08  5.994E+14  1.607E+14 3.690E-08  198.5   789  3.992E+09  7.164E+12  9.999E-38  9.999E-38  111.2  113.5    4.5   12.0    9.0    5.0    3.0    3.0   22.4
2012  3 30  90  0.00   80.0   19.0   69.0  2.192E+09  2.603E+14  6.980E+13 1.602E-08  196.2   789  1.756E+09  3.111E+12  1.375E+08  9.999E-38  111.2  113.5    4.5   12.0    9.0    5.0    3.0    3.0   22.4
2012  3 30  90  0.00   85.0   19.0   69.0  5.246E+10  1.134E+14  3.041E+13 6.982E-09  191.7   789  8.088E+08  1.355E+12  1.700E+08  9.999E-38  111.2  113.5    4.5   12.0    9.0    5.0    3.0    3.0   22.4
2012  3 30  90  0.00   90.0   19.0   69.0  3.155E+11  4.812E+13  1.284E+13 2.967E-09  188.6   789  3.899E+08  5.687E+11  1.028E+08  9.999E-38  111.2  113.5    4.5   12.0    9.0    5.0    3.0    3.0   22.4
2012  3 30  90  0.00   95.0   19.0   69.0  6.398E+11  2.032E+13  5.309E+12 1.259E-09  186.0   789  2.152E+08  2.303E+11  6.096E+07  3.878E+04  111.2  113.5    4.5   12.0    9.0    5.0    3.0    3.0   22.4
2012  3 30  90  0.00  100.0   19.0   69.0  5.851E+11  8.575E+12  2.121E+12 5.329E-10  181.5   789  1.385E+08  8.696E+10  3.821E+07  7.727E+04  111.2  113.5    4.5   12.0    9.0    5.0    3.0    3.0   22.4
2012  3 30  90  0.00  105.0   19.0   69.0  3.269E+11  3.386E+12  7.634E+11 2.086E-10  190.8   789  9.678E+07  2.823E+10  2.362E+07  1.376E+05  111.2  113.5    4.5   12.0    9.0    5.0    3.0    3.0   22.4
2012  3 30  90  0.00  110.0   19.0   69.0  1.818E+11  1.283E+12  2.580E+11 7.877E-11  231.6   789  6.841E+07  8.496E+09  1.389E+07  2.215E+05  111.2  113.5    4.5   12.0    9.0    5.0    3.0    3.0   22.4
2012  3 30  90  0.00  115.0   19.0   69.0  1.058E+11  5.296E+11  9.479E+10 3.267E-11  306.0   789  4.813E+07  2.813E+09  7.945E+06  3.459E+05  111.2  113.5    4.5   12.0    9.0    5.0    3.0    3.0   22.4
2012  3 30  90  0.00  120.0   19.0   69.0  6.917E+10  2.647E+11  4.238E+10 1.648E-11  385.3   789  3.720E+07  1.150E+09  5.000E+06  5.675E+05  111.2  113.5    4.5   12.0    9.0    5.0    3.0    3.0   22.4
2012  3 30  90  0.00  125.0   19.0   69.0  5.038E+10  1.554E+11  2.241E+10 9.794E-12  448.1   789  3.147E+07  5.595E+08  3.517E+06  9.565E+05  111.2  113.5    4.5   12.0    9.0    5.0    3.0    3.0   22.4
2012  3 30  90  0.00  130.0   19.0   69.0  3.865E+10  9.980E+10  1.306E+10 6.383E-12  498.8   789  2.790E+07  3.022E+08  2.630E+06  1.558E+06  111.2  113.5    4.5   12.0    9.0    5.0    3.0    3.0   22.4
2012  3 30  90  0.00  135.0   19.0   69.0  3.053E+10  6.774E+10  8.098E+09 4.404E-12  541.9   789  2.539E+07  1.743E+08  2.045E+06  2.411E+06  111.2  113.5    4.5   12.0    9.0    5.0    3.0    3.0   22.4
2012  3 30  90  0.00  140.0   19.0   69.0  2.468E+10  4.785E+10  5.254E+09 3.168E-12  578.5   789  2.353E+07  1.055E+08  1.638E+06  3.546E+06  111.2  113.5    4.5   12.0    9.0    5.0    3.0    3.0   22.4
2012  3 30  90  0.00  145.0   19.0   69.0  2.033E+10  3.482E+10  3.531E+09 2.352E-12  609.7   789  2.210E+07  6.631E+07  1.343E+06  4.972E+06  111.2  113.5    4.5   12.0    9.0    5.0    3.0    3.0   22.4
2012  3 30  90  0.00  150.0   19.0   69.0  1.699E+10  2.592E+10  2.442E+09 1.790E-12  636.2   789  2.096E+07  4.297E+07  1.124E+06  6.641E+06  111.2  113.5    4.5   12.0    9.0    5.0    3.0    3.0   22.4
2012  3 30  90  0.00  155.0   19.0   69.0  1.435E+10  1.964E+10  1.728E+09 1.389E-12  658.8   789  2.002E+07  2.856E+07  9.570E+05  8.463E+06  111.2  113.5    4.5   12.0    9.0    5.0    3.0    3.0   22.4
2012  3 30  90  0.00  160.0   19.0   69.0  1.222E+10  1.509E+10  1.246E+09 1.094E-12  678.0   789  1.923E+07  1.937E+07  8.279E+05  1.031E+07  111.2  113.5    4.5   12.0    9.0    5.0    3.0    3.0   22.4
2012  3 30  90  0.00  165.0   19.0   69.0  1.049E+10  1.173E+10  9.133E+08 8.740E-13  694.4   789  1.854E+07  1.337E+07  7.268E+05  1.205E+07  111.2  113.5    4.5   12.0    9.0    5.0    3.0    3.0   22.4
2012  3 30  90  0.00  170.0   19.0   69.0  9.065E+09  9.196E+09  6.786E+08 7.058E-13  708.3   789  1.792E+07  9.364E+06  6.470E+05  1.355E+07  111.2  113.5    4.5   12.0    9.0    5.0    3.0    3.0   22.4
2012  3 30  90  0.00  175.0   19.0   69.0  7.874E+09  7.268E+09  5.101E+08 5.753E-13  720.2   789  1.736E+07  6.639E+06  5.835E+05  1.471E+07  111.2  113.5    4.5   12.0    9.0    5.0    3.0    3.0   22.4
2012  3 30  90  0.00  180.0   19.0   69.0  6.870E+09  5.781E+09  3.873E+08 4.728E-13  730.3   789  1.684E+07  4.756E+06  5.325E+05  1.548E+07  111.2  113.5    4.5   12.0    9.0    5.0    3.0    3.0   22.4
2012  3 30  90  0.00  185.0   19.0   69.0  6.017E+09  4.622E+09  2.965E+08 3.913E-13  739.0   789  1.635E+07  3.437E+06  4.914E+05  1.586E+07  111.2  113.5    4.5   12.0    9.0    5.0    3.0    3.0   22.4
2012  3 30  90  0.00  190.0   19.0   69.0  5.287E+09  3.712E+09  2.287E+08 3.259E-13  746.3   789  1.588E+07  2.502E+06  4.580E+05  1.588E+07  111.2  113.5    4.5   12.0    9.0    5.0    3.0    3.0   22.4
2012  3 30  90  0.00  195.0   19.0   69.0  4.659E+09  2.992E+09  1.774E+08 2.730E-13  752.6   789  1.543E+07  1.833E+06  4.306E+05  1.560E+07  111.2  113.5    4.5   12.0    9.0    5.0    3.0    3.0   22.4
2012  3 30  90  0.00  200.0   19.0   69.0  4.114E+09  2.420E+09  1.383E+08 2.298E-13  757.9   789  1.500E+07  1.351E+06  4.081E+05  1.508E+07  111.2  113.5    4.5   12.0    9.0    5.0    3.0    3.0   22.4
2012  3 30  90  0.00  205.0   19.0   69.0  3.641E+09  1.962E+09  1.083E+08 1.943E-13  762.5   789  1.458E+07  9.994E+05  3.895E+05  1.439E+07  111.2  113.5    4.5   12.0    9.0    5.0    3.0    3.0   22.4
2012  3 30  90  0.00  210.0   19.0   69.0  3.227E+09  1.595E+09  8.517E+07 1.649E-13  766.4   789  1.417E+07  7.424E+05  3.739E+05  1.359E+07  111.2  113.5    4.5   12.0    9.0    5.0    3.0    3.0   22.4
2012  3 30  90  0.00  215.0   19.0   69.0  2.865E+09  1.299E+09  6.716E+07 1.405E-13  769.7   789  1.378E+07  5.534E+05  3.609E+05  1.273E+07  111.2  113.5    4.5   12.0    9.0    5.0    3.0    3.0   22.4
2012  3 30  90  0.00  220.0   19.0   69.0  2.547E+09  1.060E+09  5.310E+07 1.202E-13  772.5   789  1.340E+07  4.136E+05  3.498E+05  1.184E+07  111.2  113.5    4.5   12.0    9.0    5.0    3.0    3.0   22.4
2012  3 30  90  0.00  225.0   19.0   69.0  2.266E+09  8.659E+08  4.208E+07 1.031E-13  775.0   789  1.303E+07  3.099E+05  3.404E+05  1.095E+07  111.2  113.5    4.5   12.0    9.0    5.0    3.0    3.0   22.4
2012  3 30  90  0.00  230.0   19.0   69.0  2.019E+09  7.085E+08  3.341E+07 8.870E-14  777.0   789  1.267E+07  2.327E+05  3.323E+05  1.009E+07  111.2  113.5    4.5   12.0    9.0    5.0    3.0    3.0   22.4
2012  3 30  90  0.00  235.0   19.0   69.0  1.799E+09  5.804E+08  2.657E+07 7.653E-14  778.8   789  1.232E+07  1.751E+05  3.253E+05  9.269E+06  111.2  113.5    4.5   12.0    9.0    5.0    3.0    3.0   22.4
2012  3 30  90  0.00  240.0   19.0   69.0  1.605E+09  4.759E+08  2.116E+07 6.620E-14  780.3   789  1.198E+07  1.319E+05  3.192E+05  8.490E+06  111.2  113.5    4.5   12.0    9.0    5.0    3.0    3.0   22.4
2012  3 30  90  0.00  245.0   19.0   69.0  1.433E+09  3.907E+08  1.688E+07 5.741E-14  781.6   789  1.165E+07  9.952E+04  3.138E+05  7.762E+06  111.2  113.5    4.5   12.0    9.0    5.0    3.0    3.0   22.4
2012  3 30  90  0.00  250.0   19.0   69.0  1.280E+09  3.209E+08  1.347E+07 4.990E-14  782.7   789  1.133E+07  7.519E+04  3.090E+05  7.086E+06  111.2  113.5    4.5   12.0    9.0    5.0    3.0    3.0   22.4
2012  3 30  90  0.00  255.0   19.0   69.0  1.144E+09  2.638E+08  1.077E+07 4.347E-14  783.7   789  1.102E+07  5.687E+04  3.048E+05  6.461E+06  111.2  113.5    4.5   12.0    9.0    5.0    3.0    3.0   22.4
2012  3 30  90  0.00  260.0   19.0   69.0  1.023E+09  2.171E+08  8.614E+06 3.794E-14  784.5   789  1.072E+07  4.305E+04  3.009E+05  5.886E+06  111.2  113.5    4.5   12.0    9.0    5.0    3.0    3.0   22.4
2012  3 30  90  0.00  265.0   19.0   69.0  9.150E+08  1.787E+08  6.896E+06 3.318E-14  785.2   789  1.042E+07  3.262E+04  2.973E+05  5.359E+06  111.2  113.5    4.5   12.0    9.0    5.0    3.0    3.0   22.4
2012  3 30  90  0.00  270.0   19.0   69.0  8.188E+08  1.472E+08  5.524E+06 2.908E-14  785.7   789  1.014E+07  2.474E+04  2.941E+05  4.877E+06  111.2  113.5    4.5   12.0    9.0    5.0    3.0    3.0   22.4
2012  3 30  90  0.00  275.0   19.0   69.0  7.329E+08  1.213E+08  4.428E+06 2.552E-14  786.3   789  9.862E+06  1.878E+04  2.911E+05  4.437E+06  111.2  113.5    4.5   12.0    9.0    5.0    3.0    3.0   22.4
2012  3 30  90  0.00  280.0   19.0   69.0  6.563E+08  1.000E+08  3.552E+06 2.244E-14  786.7   789  9.594E+06  1.426E+04  2.882E+05  4.036E+06  111.2  113.5    4.5   12.0    9.0    5.0    3.0    3.0   22.4
2012  3 30  90  0.00  285.0   19.0   69.0  5.879E+08  8.250E+07  2.851E+06 1.976E-14  787.1   789  9.334E+06  1.084E+04  2.856E+05  3.670E+06  111.2  113.5    4.5   12.0    9.0    5.0    3.0    3.0   22.4
2012  3 30  90  0.00  290.0   19.0   69.0  5.267E+08  6.808E+07  2.289E+06 1.742E-14  787.4   789  9.082E+06  8.244E+03  2.830E+05  3.338E+06  111.2  113.5    4.5   12.0    9.0    5.0    3.0    3.0   22.4
2012  3 30  90  0.00  295.0   19.0   69.0  4.720E+08  5.621E+07  1.839E+06 1.538E-14  787.6   789  8.836E+06  6.273E+03  2.806E+05  3.035E+06  111.2  113.5    4.5   12.0    9.0    5.0    3.0    3.0   22.4
2012  3 30  90  0.00  300.0   19.0   69.0  4.231E+08  4.643E+07  1.478E+06 1.360E-14  787.9   789  8.598E+06  4.776E+03  2.783E+05  2.760E+06  111.2  113.5    4.5   12.0    9.0    5.0    3.0    3.0   22.4