2008  3  1  61  0.00    0.0  -25.0  125.0  9.999E-38  1.912E+19  5.127E+18 1.177E-03  296.6   716  1.273E+14  2.285E+17  9.999E-38  9.999E-38   68.5   70.6   21.5   18.0   22.0   15.0   15.0   34.8   23.9
2008  3  1  61  0.00    5.0  -25.0  125.0  9.999E-38  1.147E+19  3.077E+18 7.063E-04  271.4   716  7.640E+13  1.371E+17  9.999E-38  9.999E-38   68.5   70.6   21.5   18.0   22.0   15.0   15.0   34.8   23.9
2008  3  1  61  0.00   10.0  -25.0  125.0  9.999E-38  6.710E+18  1.799E+18 4.131E-04  238.7   716  4.468E+13  8.019E+16  9.999E-38  9.999E-38   68.5   70.6   21.5   18.0   22.0   15.0   15.0   34.8   23.9
2008  3  1  61  0.00   15.0  -25.0  125.0  9.999E-38  3.629E+18  9.730E+17 2.234E-04  202.6   716  2.416E+13  4.337E+16  9.999E-38  9.999E-38   68.5   70.6   21.5   18.0   22.0   15.0   15.0   34.8   23.9
2008  3  1  61  0.00   20.0  -25.0  125.0  9.999E-38  1.555E+18  4.170E+17 9.573E-05  202.4   716  1.036E+13  1.859E+16  9.999E-38  9.999E-38   68.5   70.6   21.5   18.0   22.0   15.0   15.0   34.8   23.9
2008  3  1  61  0.00   25.0  -25.0  125.0  9.999E-38  6.431E+17  1.725E+17 3.959E-05  218.7   716  4.283E+12  7.686E+15  9.999E-38  9.999E-38   68.5   70.6   21.5   18.0   22.0   15.0   15.0   34.8   23.9
2008  3  1  61  0.00   30.0  -25.0  125.0  9.999E-38  2.893E+17  7.757E+16 1.781E-05  228.7   716  1.926E+12  3.457E+15  9.999E-38  9.999E-38   68.5   70.6   21.5   18.0   22.0   15.0   15.0   34.8   23.9
2008  3  1  61  0.00   35.0  -25.0  125.0  9.999E-38  1.336E+17  3.583E+16 8.225E-06  241.0   716  8.898E+11  1.597E+15  9.999E-38  9.999E-38   68.5   70.6   21.5   18.0   22.0   15.0   15.0   34.8   23.9
2008  3  1  61  0.00   40.0  -25.0  125.0  9.999E-38  6.436E+16  1.726E+16 3.962E-06  252.9   716  4.286E+11  7.692E+14  9.999E-38  9.999E-38   68.5   70.6   21.5   18.0   22.0   15.0   15.0   34.8   23.9
2008  3  1  61  0.00   45.0  -25.0  125.0  9.999E-38  3.204E+16  8.592E+15 1.972E-06  265.6   716  2.134E+11  3.829E+14  9.999E-38  9.999E-38   68.5   70.6   21.5   18.0   22.0   15.0   15.0   34.8   23.9
2008  3  1  61  0.00   50.0  -25.0  125.0  9.999E-38  1.705E+16  4.573E+15 1.050E-06  266.3   716  1.136E+11  2.038E+14  9.999E-38  9.999E-38   68.5   70.6   21.5   18.0   22.0   15.0   15.0   34.8   23.9
2008  3  1  61  0.00   55.0  -25.0  125.0  4.734E+07  9.400E+15  2.521E+15 5.786E-07  253.7   716  6.260E+10  1.123E+14  9.999E-38  9.999E-38   68.5   70.6   21.5   18.0   22.0   15.0   15.0   34.8   23.9
2008  3  1  61  0.00   60.0  -25.0  125.0  4.056E+07  5.028E+15  1.348E+15 3.095E-07  240.9   716  3.349E+10  6.010E+13  9.999E-38  9.999E-38   68.5   70.6   21.5   18.0   22.0   15.0   15.0   34.8   23.9
2008  3  1  61  0.00   65.0  -25.0  125.0  4.715E+07  2.619E+15  7.022E+14 1.612E-07  226.0   716  1.744E+10  3.130E+13  9.999E-38  9.999E-38   68.5   70.6   21.5   18.0   22.0   15.0   15.0   34.8   23.9
2008  3  1  61  0.00   70.0  -25.0  125.0  9.039E+07  1.300E+15  3.486E+14 8.002E-08  212.4   716  8.657E+09  1.554E+13  9.999E-38  9.999E-38   68.5   70.6   21.5   18.0   22.0   15.0   15.0   34.8   23.9
2008  3  1  61  0.00   75.0  -25.0  125.0  2.146E+08  6.121E+14  1.641E+14 3.768E-08  201.1   716  4.076E+09  7.316E+12  9.999E-38  9.999E-38   68.5   70.6   21.5   18.0   22.0   15.0   15.0   34.8   23.9
2008  3  1  61  0.00   80.0  -25.0  125.0  2.023E+09  2.710E+14  7.266E+13 1.668E-08  196.0   716  1.829E+09  3.238E+12  1.710E+08  9.999E-38   68.5   70.6   21.5   18.0   22.0   15.0   15.0   34.8   23.9
2008  3  1  61  0.00   85.0  -25.0  125.0  9.132E+10  1.163E+14  3.119E+13 7.164E-09  195.0   716  8.294E+08  1.390E+12  2.273E+08  9.999E-38   68.5   70.6   21.5   18.0   22.0   15.0   15.0   34.8   23.9
2008  3  1  61  0.00   90.0  -25.0  125.0  4.314E+11  4.972E+13  1.326E+13 3.068E-09  195.3   716  3.996E+08  5.878E+11  1.399E+08  9.999E-38   68.5   70.6   21.5   18.0   22.0   15.0   15.0   34.8   23.9
2008  3  1  61  0.00   95.0  -25.0  125.0  7.357E+11  2.176E+13  5.697E+12 1.351E-09  191.5   716  2.233E+08  2.477E+11  8.501E+07  6.405E+04   68.5   70.6   21.5   18.0   22.0   15.0   15.0   34.8   23.9
2008  3  1  61  0.00  100.0  -25.0  125.0  6.047E+11  9.521E+12  2.384E+12 5.922E-10  183.9   716  1.429E+08  9.851E+10  5.437E+07  1.315E+05   68.5   70.6   21.5   18.0   22.0   15.0   15.0   34.8   23.9
2008  3  1  61  0.00  105.0  -25.0  125.0  3.163E+11  3.868E+12  9.018E+11 2.385E-10  188.0   716  9.774E+07  3.389E+10  3.431E+07  2.394E+05   68.5   70.6   21.5   18.0   22.0   15.0   15.0   34.8   23.9
2008  3  1  61  0.00  110.0  -25.0  125.0  1.714E+11  1.494E+12  3.198E+11 9.177E-11  217.7   716  6.781E+07  1.079E+10  2.089E+07  3.930E+05   68.5   70.6   21.5   18.0   22.0   15.0   15.0   34.8   23.9
2008  3  1  61  0.00  115.0  -25.0  125.0  9.809E+10  6.156E+11  1.209E+11 3.791E-11  272.4   716  4.688E+07  3.689E+09  1.242E+07  6.178E+05   68.5   70.6   21.5   18.0   22.0   15.0   15.0   34.8   23.9
2008  3  1  61  0.00  120.0  -25.0  125.0  6.117E+10  2.928E+11  5.303E+10 1.816E-11  338.5   716  3.431E+07  1.481E+09  7.824E+06  9.775E+05   68.5   70.6   21.5   18.0   22.0   15.0   15.0   34.8   23.9
2008  3  1  61  0.00  125.0  -25.0  125.0  4.164E+10  1.596E+11  2.685E+10 1.000E-11  404.1   716  2.662E+07  6.923E+08  5.309E+06  1.546E+06   68.5   70.6   21.5   18.0   22.0   15.0   15.0   34.8   23.9
2008  3  1  61  0.00  130.0  -25.0  125.0  3.042E+10  9.708E+10  1.528E+10 6.161E-12  460.0   716  2.187E+07  3.671E+08  3.849E+06  2.397E+06   68.5   70.6   21.5   18.0   22.0   15.0   15.0   34.8   23.9
2008  3  1  61  0.00  135.0  -25.0  125.0  2.331E+10  6.360E+10  9.411E+09 4.092E-12  505.8   716  1.874E+07  2.118E+08  2.935E+06  3.586E+06   68.5   70.6   21.5   18.0   22.0   15.0   15.0   34.8   23.9
2008  3  1  61  0.00  140.0  -25.0  125.0  1.848E+10  4.380E+10  6.117E+09 2.862E-12  543.3   716  1.650E+07  1.293E+08  2.320E+06  5.149E+06   68.5   70.6   21.5   18.0   22.0   15.0   15.0   34.8   23.9
2008  3  1  61  0.00  145.0  -25.0  125.0  1.502E+10  3.126E+10  4.134E+09 2.078E-12  574.1   716  1.483E+07  8.218E+07  1.886E+06  7.086E+06   68.5   70.6   21.5   18.0   22.0   15.0   15.0   34.8   23.9
2008  3  1  61  0.00  150.0  -25.0  125.0  1.242E+10  2.290E+10  2.877E+09 1.552E-12  599.4   716  1.353E+07  5.390E+07  1.567E+06  9.323E+06   68.5   70.6   21.5   18.0   22.0   15.0   15.0   34.8   23.9
2008  3  1  61  0.00  155.0  -25.0  125.0  1.040E+10  1.710E+10  2.048E+09 1.183E-12  620.1   716  1.248E+07  3.619E+07  1.328E+06  1.173E+07   68.5   70.6   21.5   18.0   22.0   15.0   15.0   34.8   23.9
2008  3  1  61  0.00  160.0  -25.0  125.0  8.795E+09  1.297E+10  1.483E+09 9.178E-13  637.1   716  1.162E+07  2.475E+07  1.145E+06  1.413E+07   68.5   70.6   21.5   18.0   22.0   15.0   15.0   34.8   23.9
2008  3  1  61  0.00  165.0  -25.0  125.0  7.501E+09  9.949E+09  1.089E+09 7.215E-13  651.0   716  1.089E+07  1.716E+07  1.003E+06  1.635E+07   68.5   70.6   21.5   18.0   22.0   15.0   15.0   34.8   23.9
2008  3  1  61  0.00  170.0  -25.0  125.0  6.439E+09  7.704E+09  8.092E+08 5.737E-13  662.5   716  1.027E+07  1.203E+07  8.911E+05  1.821E+07   68.5   70.6   21.5   18.0   22.0   15.0   15.0   34.8   23.9
2008  3  1  61  0.00  175.0  -25.0  125.0  5.557E+09  6.010E+09  6.066E+08 4.605E-13  671.9   716  9.728E+06  8.510E+06  8.025E+05  1.959E+07   68.5   70.6   21.5   18.0   22.0   15.0   15.0   34.8   23.9
2008  3  1  61  0.00  180.0  -25.0  125.0  4.817E+09  4.716E+09  4.582E+08 3.726E-13  679.6   716  9.251E+06  6.063E+06  7.316E+05  2.045E+07   68.5   70.6   21.5   18.0   22.0   15.0   15.0   34.8   23.9
2008  3  1  61  0.00  185.0  -25.0  125.0  4.190E+09  3.719E+09  3.482E+08 3.037E-13  685.9   716  8.826E+06  4.344E+06  6.746E+05  2.078E+07   68.5   70.6   21.5   18.0   22.0   15.0   15.0   34.8   23.9
2008  3  1  61  0.00  190.0  -25.0  125.0  3.655E+09  2.945E+09  2.660E+08 2.490E-13  691.2   716  8.444E+06  3.127E+06  6.284E+05  2.064E+07   68.5   70.6   21.5   18.0   22.0   15.0   15.0   34.8   23.9
2008  3  1  61  0.00  195.0  -25.0  125.0  3.197E+09  2.339E+09  2.040E+08 2.053E-13  695.5   716  8.097E+06  2.260E+06  5.907E+05  2.011E+07   68.5   70.6   21.5   18.0   22.0   15.0   15.0   34.8   23.9
2008  3  1  61  0.00  200.0  -25.0  125.0  2.801E+09  1.863E+09  1.571E+08 1.700E-13  699.0   716  7.778E+06  1.638E+06  5.597E+05  1.929E+07   68.5   70.6   21.5   18.0   22.0   15.0   15.0   34.8   23.9
2008  3  1  61  0.00  205.0  -25.0  125.0  2.459E+09  1.487E+09  1.213E+08 1.415E-13  701.9   716  7.485E+06  1.191E+06  5.341E+05  1.826E+07   68.5   70.6   21.5   18.0   22.0   15.0   15.0   34.8   23.9
2008  3  1  61  0.00  210.0  -25.0  125.0  2.161E+09  1.190E+09  9.386E+07 1.183E-13  704.3   716  7.211E+06  8.679E+05  5.127E+05  1.711E+07   68.5   70.6   21.5   18.0   22.0   15.0   15.0   34.8   23.9
2008  3  1  61  0.00  215.0  -25.0  125.0  1.902E+09  9.532E+08  7.280E+07 9.919E-14  706.3   716  6.956E+06  6.336E+05  4.947E+05  1.589E+07   68.5   70.6   21.5   18.0   22.0   15.0   15.0   34.8   23.9
2008  3  1  61  0.00  220.0  -25.0  125.0  1.675E+09  7.647E+08  5.656E+07 8.351E-14  707.9   716  6.716E+06  4.634E+05  4.795E+05  1.466E+07   68.5   70.6   21.5   18.0   22.0   15.0   15.0   34.8   23.9
2008  3  1  61  0.00  225.0  -25.0  125.0  1.477E+09  6.142E+08  4.401E+07 7.053E-14  709.2   716  6.489E+06  3.394E+05  4.666E+05  1.345E+07   68.5   70.6   21.5   18.0   22.0   15.0   15.0   34.8   23.9
2008  3  1  61  0.00  230.0  -25.0  125.0  1.303E+09  4.939E+08  3.429E+07 5.977E-14  710.3   716  6.275E+06  2.489E+05  4.555E+05  1.228E+07   68.5   70.6   21.5   18.0   22.0   15.0   15.0   34.8   23.9
2008  3  1  61  0.00  235.0  -25.0  125.0  1.151E+09  3.975E+08  2.675E+07 5.079E-14  711.2   716  6.070E+06  1.827E+05  4.458E+05  1.118E+07   68.5   70.6   21.5   18.0   22.0   15.0   15.0   34.8   23.9
2008  3  1  61  0.00  240.0  -25.0  125.0  1.016E+09  3.201E+08  2.089E+07 4.329E-14  712.0   716  5.875E+06  1.343E+05  4.373E+05  1.015E+07   68.5   70.6   21.5   18.0   22.0   15.0   15.0   34.8   23.9
2008  3  1  61  0.00  245.0  -25.0  125.0  8.983E+08  2.580E+08  1.632E+07 3.700E-14  712.6   716  5.689E+06  9.879E+04  4.299E+05  9.201E+06   68.5   70.6   21.5   18.0   22.0   15.0   15.0   34.8   23.9
2008  3  1  61  0.00  250.0  -25.0  125.0  7.942E+08  2.081E+08  1.277E+07 3.170E-14  713.1   716  5.510E+06  7.273E+04  4.232E+05  8.324E+06   68.5   70.6   21.5   18.0   22.0   15.0   15.0   34.8   23.9
2008  3  1  61  0.00  255.0  -25.0  125.0  7.025E+08  1.680E+08  9.992E+06 2.722E-14  713.5   716  5.339E+06  5.359E+04  4.172E+05  7.521E+06   68.5   70.6   21.5   18.0   22.0   15.0   15.0   34.8   23.9
2008  3  1  61  0.00  260.0  -25.0  125.0  6.216E+08  1.356E+08  7.826E+06 2.343E-14  713.9   716  5.174E+06  3.951E+04  4.117E+05  6.790E+06   68.5   70.6   21.5   18.0   22.0   15.0   15.0   34.8   23.9
2008  3  1  61  0.00  265.0  -25.0  125.0  5.502E+08  1.096E+08  6.133E+06 2.022E-14  714.2   716  5.015E+06  2.915E+04  4.068E+05  6.125E+06   68.5   70.6   21.5   18.0   22.0   15.0   15.0   34.8   23.9
2008  3  1  61  0.00  270.0  -25.0  125.0  4.871E+08  8.855E+07  4.809E+06 1.748E-14  714.4   716  4.862E+06  2.152E+04  4.021E+05  5.522E+06   68.5   70.6   21.5   18.0   22.0   15.0   15.0   34.8   23.9
2008  3  1  61  0.00  275.0  -25.0  125.0  4.314E+08  7.160E+07  3.772E+06 1.514E-14  714.6   716  4.715E+06  1.590E+04  3.978E+05  4.977E+06   68.5   70.6   21.5   18.0   22.0   15.0   15.0   34.8   23.9
2008  3  1  61  0.00  280.0  -25.0  125.0  3.822E+08  5.792E+07  2.961E+06 1.314E-14  714.8   716  4.573E+06  1.175E+04  3.938E+05  4.484E+06   68.5   70.6   21.5   18.0   22.0   15.0   15.0   34.8   23.9
2008  3  1  61  0.00  285.0  -25.0  125.0  3.386E+08  4.687E+07  2.325E+06 1.143E-14  714.9   716  4.435E+06  8.691E+03  3.900E+05  4.040E+06   68.5   70.6   21.5   18.0   22.0   15.0   15.0   34.8   23.9
2008  3  1  61  0.00  290.0  -25.0  125.0  3.001E+08  3.795E+07  1.826E+06 9.950E-15  715.0   716  4.302E+06  6.431E+03  3.863E+05  3.639E+06   68.5   70.6   21.5   18.0   22.0   15.0   15.0   34.8   23.9
2008  3  1  61  0.00  295.0  -25.0  125.0  2.661E+08  3.073E+07  1.435E+06 8.679E-15  715.1   716  4.174E+06  4.761E+03  3.828E+05  3.278E+06   68.5   70.6   21.5   18.0   22.0   15.0   15.0   34.8   23.9
2008  3  1  61  0.00  300.0  -25.0  125.0  2.359E+08  2.490E+07  1.129E+06 7.582E-15  715.2   716  4.049E+06  3.526E+03  3.795E+05  2.953E+06   68.5   70.6   21.5   18.0   22.0   15.0   15.0   34.8   23.9
2008  3  1  61  0.00  305.0  -25.0  125.0  2.092E+08  2.018E+07  8.877E+05 6.633E-15  715.2   716  3.929E+06  2.613E+03  3.763E+05  2.660E+06   68.5   70.6   21.5   18.0   22.0   15.0   15.0   34.8   23.9
2008  3  1  61  0.00  310.0  -25.0  125.0  1.856E+08  1.636E+07  6.986E+05 5.811E-15  715.3   716  3.813E+06  1.938E+03  3.731E+05  2.396E+06   68.5   70.6   21.5   18.0   22.0   15.0   15.0   34.8   23.9
2008  3  1  61  0.00  315.0  -25.0  125.0  1.647E+08  1.327E+07  5.499E+05 5.096E-15  715.3   716  3.700E+06  1.437E+03  3.701E+05  2.158E+06   68.5   70.6   21.5   18.0   22.0   15.0   15.0   34.8   23.9
2008  3  1  61  0.00  320.0  -25.0  125.0  1.461E+08  1.076E+07  4.331E+05 4.476E-15  715.4   716  3.591E+06  1.067E+03  3.671E+05  1.945E+06   68.5   70.6   21.5   18.0   22.0   15.0   15.0   34.8   23.9
2008  3  1  61  0.00  325.0  -25.0  125.0  1.297E+08  8.736E+06  3.412E+05 3.935E-15  715.4   716  3.485E+06  7.921E+02  3.642E+05  1.752E+06   68.5   70.6   21.5   18.0   22.0   15.0   15.0   34.8   23.9
2008  3  1  61  0.00  330.0  -25.0  125.0  1.151E+08  7.092E+06  2.689E+05 3.463E-15  715.4   716  3.382E+06  5.884E+02  3.613E+05  1.579E+06   68.5   70.6   21.5   18.0   22.0   15.0   15.0   34.8   23.9
2008  3  1  61  0.00  335.0  -25.0  125.0  1.022E+08  5.759E+06  2.120E+05 3.051E-15  715.4   716  3.283E+06  4.373E+02  3.585E+05  1.423E+06   68.5   70.6   21.5   18.0   22.0   15.0   15.0   34.8   23.9
2008  3  1  61  0.00  340.0  -25.0  125.0  9.078E+07  4.679E+06  1.672E+05 2.690E-15  715.4   716  3.187E+06  3.251E+02  3.558E+05  1.283E+06   68.5   70.6   21.5   18.0   22.0   15.0   15.0   34.8   23.9
2008  3  1  61  0.00  345.0  -25.0  125.0  8.064E+07  3.802E+06  1.319E+05 2.374E-15  715.5   716  3.094E+06  2.419E+02  3.531E+05  1.156E+06   68.5   70.6   21.5   18.0   22.0   15.0   15.0   34.8   23.9
2008  3  1  61  0.00  350.0  -25.0  125.0  7.164E+07  3.090E+06  1.041E+05 2.097E-15  715.5   716  3.004E+06  1.800E+02  3.504E+05  1.043E+06   68.5   70.6   21.5   18.0   22.0   15.0   15.0   34.8   23.9
2008  3  1  61  0.00  355.0  -25.0  125.0  6.365E+07  2.513E+06  8.220E+04 1.854E-15  715.5   716  2.916E+06  1.340E+02  3.477E+05  9.403E+05   68.5   70.6   21.5   18.0   22.0   15.0   15.0   34.8   23.9
2008  3  1  61  0.00  360.0  -25.0  125.0  5.657E+07  2.044E+06  6.492E+04 1.641E-15  715.5   716  2.831E+06  9.982E+01  3.451E+05  8.481E+05   68.5   70.6   21.5   18.0   22.0   15.0   15.0   34.8   23.9
2008  3  1  61  0.00  365.0  -25.0  125.0  5.028E+07  1.663E+06  5.129E+04 1.453E-15  715.5   716  2.749E+06  7.438E+01  3.426E+05  7.650E+05   68.5   70.6   21.5   18.0   22.0   15.0   15.0   34.8   23.9
2008  3  1  61  0.00  370.0  -25.0  125.0  4.470E+07  1.354E+06  4.054E+04 1.287E-15  715.5   716  2.669E+06  5.546E+01  3.400E+05  6.902E+05   68.5   70.6   21.5   18.0   22.0   15.0   15.0   34.8   23.9
2008  3  1  61  0.00  375.0  -25.0  125.0  3.975E+07  1.102E+06  3.206E+04 1.141E-15  715.5   716  2.592E+06  4.136E+01  3.375E+05  6.228E+05   68.5   70.6   21.5   18.0   22.0   15.0   15.0   34.8   23.9
2008  3  1  61  0.00  380.0  -25.0  125.0  3.535E+07  8.974E+05  2.535E+04 1.013E-15  715.5   716  2.517E+06  3.086E+01  3.350E+05  5.620E+05   68.5   70.6   21.5   18.0   22.0   15.0   15.0   34.8   23.9
2008  3  1  61  0.00  385.0  -25.0  125.0  3.145E+07  7.311E+05  2.006E+04 8.992E-16  715.5   716  2.445E+06  2.304E+01  3.326E+05  5.073E+05   68.5   70.6   21.5   18.0   22.0   15.0   15.0   34.8   23.9
2008  3  1  61  0.00  390.0  -25.0  125.0  2.798E+07  5.958E+05  1.588E+04 7.989E-16  715.5   716  2.374E+06  1.721E+01  3.301E+05  4.579E+05   68.5   70.6   21.5   18.0   22.0   15.0   15.0   34.8   23.9
2008  3  1  61  0.00  395.0  -25.0  125.0  2.489E+07  4.856E+05  1.257E+04 7.102E-16  715.5   716  2.306E+06  1.286E+01  3.277E+05  4.135E+05   68.5   70.6   21.5   18.0   22.0   15.0   15.0   34.8   23.9
2008  3  1  61  0.00  400.0  -25.0  125.0  2.216E+07  3.960E+05  9.958E+03 6.318E-16  715.5   716  2.240E+06  9.610E+00  3.253E+05  3.733E+05   68.5   70.6   21.5   18.0   22.0   15.0   15.0   34.8   23.9
2008  3  1  61  0.00  405.0  -25.0  125.0  1.972E+07  3.230E+05  7.890E+03 5.623E-16  715.5   716  2.175E+06  7.187E+00  3.230E+05  3.372E+05   68.5   70.6   21.5   18.0   22.0   15.0   15.0   34.8   23.9
2008  3  1  61  0.00  410.0  -25.0  125.0  1.756E+07  2.635E+05  6.254E+03 5.009E-16  715.5   716  2.113E+06  5.377E+00  3.206E+05  3.046E+05   68.5   70.6   21.5   18.0   22.0   15.0   15.0   34.8   23.9
2008  3  1  61  0.00  415.0  -25.0  125.0  1.563E+07  2.151E+05  4.958E+03 4.463E-16  715.5   716  2.053E+06  4.024E+00  3.183E+05  2.751E+05   68.5   70.6   21.5   18.0   22.0   15.0   15.0   34.8   23.9
2008  3  1  61  0.00  420.0  -25.0  125.0  1.392E+07  1.756E+05  3.933E+03 3.980E-16  715.5   716  1.994E+06  3.013E+00  3.160E+05  2.486E+05   68.5   70.6   21.5   18.0   22.0   15.0   15.0   34.8   23.9
2008  3  1  61  0.00  425.0  -25.0  125.0  1.240E+07  1.434E+05  3.120E+03 3.551E-16  715.5   716  1.937E+06  2.257E+00  3.137E+05  2.247E+05   68.5   70.6   21.5   18.0   22.0   15.0   15.0   34.8   23.9
2008  3  1  61  0.00  430.0  -25.0  125.0  1.105E+07  1.171E+05  2.477E+03 3.171E-16  715.5   716  1.882E+06  1.692E+00  3.114E+05  2.030E+05   68.5   70.6   21.5   18.0   22.0   15.0   15.0   34.8   23.9
2008  3  1  61  0.00  435.0  -25.0  125.0  9.845E+06  9.570E+04  1.966E+03 2.833E-16  715.5   716  1.829E+06  1.268E+00  3.092E+05  1.835E+05   68.5   70.6   21.5   18.0   22.0   15.0   15.0   34.8   23.9
2008  3  1  61  0.00  440.0  -25.0  125.0  8.774E+06  7.822E+04  1.562E+03 2.532E-16  715.5   716  1.777E+06  9.512E-01  3.070E+05  1.659E+05   68.5   70.6   21.5   18.0   22.0   15.0   15.0   34.8   23.9
2008  3  1  61  0.00  445.0  -25.0  125.0  7.820E+06  6.395E+04  1.241E+03 2.265E-16  715.5   716  1.726E+06  7.138E-01  3.048E+05  1.500E+05   68.5   70.6   21.5   18.0   22.0   15.0   15.0   34.8   23.9
2008  3  1  61  0.00  450.0  -25.0  125.0  6.972E+06  5.230E+04  9.861E+02 2.028E-16  715.5   716  1.677E+06  5.358E-01  3.026E+05  1.357E+05   68.5   70.6   21.5   18.0   22.0   15.0   15.0   34.8   23.9
2008  3  1  61  0.00  455.0  -25.0  125.0  6.217E+06  4.279E+04  7.840E+02 1.817E-16  715.5   716  1.630E+06  4.024E-01  3.004E+05  1.227E+05   68.5   70.6   21.5   18.0   22.0   15.0   15.0   34.8   23.9
2008  3  1  61  0.00  460.0  -25.0  125.0  5.544E+06  3.501E+04  6.235E+02 1.629E-16  715.5   716  1.584E+06  3.023E-01  2.983E+05  1.110E+05   68.5   70.6   21.5   18.0   22.0   15.0   15.0   34.8   23.9
2008  3  1  61  0.00  465.0  -25.0  125.0  4.945E+06  2.866E+04  4.961E+02 1.461E-16  715.5   716  1.539E+06  2.273E-01  2.962E+05  1.004E+05   68.5   70.6   21.5   18.0   22.0   15.0   15.0   34.8   23.9
2008  3  1  61  0.00  470.0  -25.0  125.0  4.411E+06  2.347E+04  3.948E+02 1.312E-16  715.5   716  1.496E+06  1.709E-01  2.941E+05  9.089E+04   68.5   70.6   21.5   18.0   22.0   15.0   15.0   34.8   23.9
2008  3  1  61  0.00  475.0  -25.0  125.0  3.936E+06  1.922E+04  3.143E+02 1.179E-16  715.5   716  1.454E+06  1.286E-01  2.920E+05  8.226E+04   68.5   70.6   21.5   18.0   22.0   15.0   15.0   34.8   23.9
2008  3  1  61  0.00  480.0  -25.0  125.0  3.513E+06  1.575E+04  2.503E+02 1.060E-16  715.5   716  1.413E+06  9.675E-02  2.899E+05  7.446E+04   68.5   70.6   21.5   18.0   22.0   15.0   15.0   34.8   23.9
2008  3  1  61  0.00  485.0  -25.0  125.0  3.135E+06  1.291E+04  1.994E+02 9.545E-17  715.5   716  1.374E+06  7.284E-02  2.878E+05  6.740E+04   68.5   70.6   21.5   18.0   22.0   15.0   15.0   34.8   23.9
2008  3  1  61  0.00  490.0  -25.0  125.0  2.799E+06  1.058E+04  1.589E+02 8.601E-17  715.5   716  1.335E+06  5.487E-02  2.858E+05  6.103E+04   68.5   70.6   21.5   18.0   22.0   15.0   15.0   34.8   23.9
2008  3  1  61  0.00  495.0  -25.0  125.0  2.499E+06  8.675E+03  1.267E+02 7.757E-17  715.5   716  1.298E+06  4.134E-02  2.838E+05  5.526E+04   68.5   70.6   21.5   18.0   22.0   15.0   15.0   34.8   23.9
2008  3  1  61  0.00  500.0  -25.0  125.0  2.231E+06  7.116E+03  1.010E+02 7.004E-17  715.5   716  1.262E+06  3.117E-02  2.818E+05  5.005E+04   68.5   70.6   21.5   18.0   22.0   15.0   15.0   34.8   23.9
2008  3  1  61  0.00  505.0  -25.0  125.0  1.993E+06  5.838E+03  8.058E+01 6.330E-17  715.5   716  1.227E+06  2.350E-02  2.798E+05  4.534E+04   68.5   70.6   21.5   18.0   22.0   15.0   15.0   34.8   23.9
2008  3  1  61  0.00  510.0  -25.0  125.0  1.780E+06  4.792E+03  6.430E+01 5.728E-17  715.5   716  1.192E+06  1.773E-02  2.778E+05  4.107E+04   68.5   70.6   21.5   18.0   22.0   15.0   15.0   34.8   23.9
2008  3  1  61  0.00  515.0  -25.0  125.0  1.591E+06  3.934E+03  5.133E+01 5.189E-17  715.5   716  1.159E+06  1.338E-02  2.759E+05  3.721E+04   68.5   70.6   21.5   18.0   22.0   15.0   15.0   34.8   23.9
2008  3  1  61  0.00  520.0  -25.0  125.0  1.421E+06  3.230E+03  4.099E+01 4.707E-17  715.5   716  1.127E+06  1.011E-02  2.740E+05  3.372E+04   68.5   70.6   21.5   18.0   22.0   15.0   15.0   34.8   23.9
2008  3  1  61  0.00  525.0  -25.0  125.0  1.270E+06  2.654E+03  3.274E+01 4.275E-17  715.5   716  1.096E+06  7.634E-03  2.720E+05  3.056E+04   68.5   70.6   21.5   18.0   22.0   15.0   15.0   34.8   23.9
2008  3  1  61  0.00  530.0  -25.0  125.0  1.136E+06  2.180E+03  2.616E+01 3.888E-17  715.5   716  1.066E+06  5.769E-03  2.701E+05  2.770E+04   68.5   70.6   21.5   18.0   22.0   15.0   15.0   34.8   23.9
2008  3  1  61  0.00  535.0  -25.0  125.0  1.015E+06  1.792E+03  2.091E+01 3.541E-17  715.5   716  1.036E+06  4.362E-03  2.683E+05  2.512E+04   68.5   70.6   21.5   18.0   22.0   15.0   15.0   34.8   23.9
2008  3  1  61  0.00  540.0  -25.0  125.0  9.077E+05  1.473E+03  1.672E+01 3.229E-17  715.5   716  1.008E+06  3.299E-03  2.664E+05  2.277E+04   68.5   70.6   21.5   18.0   22.0   15.0   15.0   34.8   23.9
2008  3  1  61  0.00  545.0  -25.0  125.0  8.118E+05  1.212E+03  1.337E+01 2.949E-17  715.5   716  9.798E+05  2.496E-03  2.645E+05  2.065E+04   68.5   70.6   21.5   18.0   22.0   15.0   15.0   34.8   23.9
2008  3  1  61  0.00  550.0  -25.0  125.0  7.261E+05  9.966E+02  1.070E+01 2.698E-17  715.5   716  9.529E+05  1.889E-03  2.627E+05  1.873E+04   68.5   70.6   21.5   18.0   22.0   15.0   15.0   34.8   23.9
2008  3  1  61  0.00  555.0  -25.0  125.0  6.496E+05  8.201E+02  8.561E+00 2.472E-17  715.5   716  9.267E+05  1.431E-03  2.609E+05  1.699E+04   68.5   70.6   21.5   18.0   22.0   15.0   15.0   34.8   23.9
2008  3  1  61  0.00  560.0  -25.0  125.0  5.812E+05  6.750E+02  6.854E+00 2.269E-17  715.5   716  9.013E+05  1.084E-03  2.591E+05  1.541E+04   68.5   70.6   21.5   18.0   22.0   15.0   15.0   34.8   23.9
2008  3  1  61  0.00  565.0  -25.0  125.0  5.201E+05  5.557E+02  5.489E+00 2.086E-17  715.5   716  8.766E+05  8.213E-04  2.573E+05  1.399E+04   68.5   70.6   21.5   18.0   22.0   15.0   15.0   34.8   23.9
2008  3  1  61  0.00  570.0  -25.0  125.0  4.655E+05  4.576E+02  4.397E+00 1.921E-17  715.5   716  8.527E+05  6.227E-04  2.555E+05  1.269E+04   68.5   70.6   21.5   18.0   22.0   15.0   15.0   34.8   23.9
2008  3  1  61  0.00  575.0  -25.0  125.0  4.168E+05  3.770E+02  3.524E+00 1.772E-17  715.5   716  8.294E+05  4.723E-04  2.537E+05  1.152E+04   68.5   70.6   21.5   18.0   22.0   15.0   15.0   34.8   23.9
2008  3  1  61  0.00  580.0  -25.0  125.0  3.731E+05  3.106E+02  2.825E+00 1.638E-17  715.5   716  8.068E+05  3.583E-04  2.520E+05  1.046E+04   68.5   70.6   21.5   18.0   22.0   15.0   15.0   34.8   23.9
2008  3  1  61  0.00  585.0  -25.0  125.0  3.341E+05  2.560E+02  2.265E+00 1.517E-17  715.5   716  7.848E+05  2.720E-04  2.503E+05  9.494E+03   68.5   70.6   21.5   18.0   22.0   15.0   15.0   34.8   23.9
2008  3  1  61  0.00  590.0  -25.0  125.0  2.992E+05  2.111E+02  1.817E+00 1.407E-17  715.5   716  7.635E+05  2.066E-04  2.485E+05  8.620E+03   68.5   70.6   21.5   18.0   22.0   15.0   15.0   34.8   23.9
2008  3  1  61  0.00  595.0  -25.0  125.0  2.681E+05  1.741E+02  1.458E+00 1.308E-17  715.5   716  7.428E+05  1.569E-04  2.468E+05  7.828E+03   68.5   70.6   21.5   18.0   22.0   15.0   15.0   34.8   23.9
2008  3  1  61  0.00  600.0  -25.0  125.0  2.401E+05  1.436E+02  1.170E+00 1.218E-17  715.5   716  7.226E+05  1.192E-04  2.451E+05  7.110E+03   68.5   70.6   21.5   18.0   22.0   15.0   15.0   34.8   23.9
2008  3  1  61  0.00  605.0  -25.0  125.0  2.152E+05  1.185E+02  9.394E-01 1.136E-17  715.5   716  7.031E+05  9.066E-05  2.435E+05  6.458E+03   68.5   70.6   21.5   18.0   22.0   15.0   15.0   34.8   23.9
2008  3  1  61  0.00  610.0  -25.0  125.0  1.928E+05  9.780E+01  7.544E-01 1.062E-17  715.5   716  6.840E+05  6.895E-05  2.418E+05  5.867E+03   68.5   70.6   21.5   18.0   22.0   15.0   15.0   34.8   23.9
2008  3  1  61  0.00  615.0  -25.0  125.0  1.728E+05  8.074E+01  6.061E-01 9.948E-18  715.5   716  6.656E+05  5.247E-05  2.402E+05  5.331E+03   68.5   70.6   21.5   18.0   22.0   15.0   15.0   34.8   23.9
2008  3  1  61  0.00  620.0  -25.0  125.0  1.550E+05  6.668E+01  4.871E-01 9.334E-18  715.5   716  6.476E+05  3.993E-05  2.385E+05  4.845E+03   68.5   70.6   21.5   18.0   22.0   15.0   15.0   34.8   23.9
2008  3  1  61  0.00  625.0  -25.0  125.0  1.389E+05  5.508E+01  3.916E-01 8.775E-18  715.5   716  6.302E+05  3.041E-05  2.369E+05  4.403E+03   68.5   70.6   21.5   18.0   22.0   15.0   15.0   34.8   23.9
2008  3  1  61  0.00  630.0  -25.0  125.0  1.246E+05  4.551E+01  3.149E-01 8.264E-18  715.5   716  6.133E+05  2.316E-05  2.353E+05  4.003E+03   68.5   70.6   21.5   18.0   22.0   15.0   15.0   34.8   23.9
2008  3  1  61  0.00  635.0  -25.0  125.0  1.117E+05  3.762E+01  2.533E-01 7.797E-18  715.5   716  5.968E+05  1.765E-05  2.337E+05  3.639E+03   68.5   70.6   21.5   18.0   22.0   15.0   15.0   34.8   23.9
2008  3  1  61  0.00  640.0  -25.0  125.0  1.002E+05  3.110E+01  2.038E-01 7.370E-18  715.5   716  5.808E+05  1.346E-05  2.321E+05  3.309E+03   68.5   70.6   21.5   18.0   22.0   15.0   15.0   34.8   23.9
2008  3  1  61  0.00  645.0  -25.0  125.0  8.992E+04  2.572E+01  1.641E-01 6.978E-18  715.5   716  5.653E+05  1.026E-05  2.305E+05  3.009E+03   68.5   70.6   21.5   18.0   22.0   15.0   15.0   34.8   23.9
2008  3  1  61  0.00  650.0  -25.0  125.0  8.069E+04  2.127E+01  1.321E-01 6.618E-18  715.5   716  5.502E+05  7.831E-06  2.290E+05  2.737E+03   68.5   70.6   21.5   18.0   22.0   15.0   15.0   34.8   23.9
2008  3  1  61  0.00  655.0  -25.0  125.0  7.241E+04  1.760E+01  1.064E-01 6.287E-18  715.5   716  5.355E+05  5.977E-06  2.274E+05  2.489E+03   68.5   70.6   21.5   18.0   22.0   15.0   15.0   34.8   23.9
2008  3  1  61  0.00  660.0  -25.0  125.0  6.500E+04  1.457E+01  8.571E-02 5.982E-18  715.5   716  5.212E+05  4.564E-06  2.259E+05  2.265E+03   68.5   70.6   21.5   18.0   22.0   15.0   15.0   34.8   23.9
2008  3  1  61  0.00  665.0  -25.0  125.0  5.835E+04  1.206E+01  6.907E-02 5.701E-18  715.5   716  5.073E+05  3.486E-06  2.244E+05  2.060E+03   68.5   70.6   21.5   18.0   22.0   15.0   15.0   34.8   23.9
2008  3  1  61  0.00  670.0  -25.0  125.0  5.239E+04  9.986E+00  5.568E-02 5.441E-18  715.5   716  4.939E+05  2.664E-06  2.229E+05  1.875E+03   68.5   70.6   21.5   18.0   22.0   15.0   15.0   34.8   23.9
2008  3  1  61  0.00  675.0  -25.0  125.0  4.705E+04  8.272E+00  4.490E-02 5.200E-18  715.5   716  4.807E+05  2.036E-06  2.214E+05  1.706E+03   68.5   70.6   21.5   18.0   22.0   15.0   15.0   34.8   23.9
2008  3  1  61  0.00  680.0  -25.0  125.0  4.225E+04  6.853E+00  3.622E-02 4.977E-18  715.5   716  4.680E+05  1.557E-06  2.199E+05  1.553E+03   68.5   70.6   21.5   18.0   22.0   15.0   15.0   34.8   23.9
2008  3  1  61  0.00  685.0  -25.0  125.0  3.796E+04  5.680E+00  2.923E-02 4.769E-18  715.5   716  4.556E+05  1.191E-06  2.184E+05  1.414E+03   68.5   70.6   21.5   18.0   22.0   15.0   15.0   34.8   23.9
2008  3  1  61  0.00  690.0  -25.0  125.0  3.410E+04  4.708E+00  2.359E-02 4.576E-18  715.5   716  4.436E+05  9.116E-07  2.170E+05  1.287E+03   68.5   70.6   21.5   18.0   22.0   15.0   15.0   34.8   23.9
2008  3  1  61  0.00  695.0  -25.0  125.0  3.064E+04  3.904E+00  1.905E-02 4.396E-18  715.5   716  4.319E+05  6.979E-07  2.155E+05  1.172E+03   68.5   70.6   21.5   18.0   22.0   15.0   15.0   34.8   23.9
2008  3  1  61  0.00  700.0  -25.0  125.0  2.754E+04  3.238E+00  1.538E-02 4.228E-18  715.5   716  4.205E+05  5.345E-07  2.141E+05  1.068E+03   68.5   70.6   21.5   18.0   22.0   15.0   15.0   34.8   23.9
2008  3  1  61  0.00  705.0  -25.0  125.0  2.475E+04  2.686E+00  1.243E-02 4.071E-18  715.5   716  4.094E+05  4.095E-07  2.127E+05  9.725E+02   68.5   70.6   21.5   18.0   22.0   15.0   15.0   34.8   23.9
2008  3  1  61  0.00  710.0  -25.0  125.0  2.225E+04  2.229E+00  1.004E-02 3.924E-18  715.5   716  3.987E+05  3.139E-07  2.113E+05  8.859E+02   68.5   70.6   21.5   18.0   22.0   15.0   15.0   34.8   23.9
2008  3  1  61  0.00  715.0  -25.0  125.0  2.000E+04  1.851E+00  8.118E-03 3.785E-18  715.5   716  3.882E+05  2.407E-07  2.099E+05  8.071E+02   68.5   70.6   21.5   18.0   22.0   15.0   15.0   34.8   23.9
2008  3  1  61  0.00  720.0  -25.0  125.0  1.799E+04  1.536E+00  6.564E-03 3.655E-18  715.5   716  3.780E+05  1.846E-07  2.085E+05  7.354E+02   68.5   70.6   21.5   18.0   22.0   15.0   15.0   34.8   23.9
2008  3  1  61  0.00  725.0  -25.0  125.0  1.618E+04  1.276E+00  5.310E-03 3.533E-18  715.5   716  3.681E+05  1.417E-07  2.071E+05  6.702E+02   68.5   70.6   21.5   18.0   22.0   15.0   15.0   34.8   23.9
2008  3  1  61  0.00  730.0  -25.0  125.0  1.455E+04  1.060E+00  4.296E-03 3.417E-18  715.5   716  3.585E+05  1.087E-07  2.057E+05  6.109E+02   68.5   70.6   21.5   18.0   22.0   15.0   15.0   34.8   23.9
2008  3  1  61  0.00  735.0  -25.0  125.0  1.309E+04  8.809E-01  3.477E-03 3.308E-18  715.5   716  3.492E+05  8.351E-08  2.044E+05  5.569E+02   68.5   70.6   21.5   18.0   22.0   15.0   15.0   34.8   23.9
2008  3  1  61  0.00  740.0  -25.0  125.0  1.178E+04  7.321E-01  2.815E-03 3.204E-18  715.5   716  3.401E+05  6.415E-08  2.030E+05  5.077E+02   68.5   70.6   21.5   18.0   22.0   15.0   15.0   34.8   23.9
2008  3  1  61  0.00  745.0  -25.0  125.0  1.060E+04  6.087E-01  2.280E-03 3.106E-18  715.5   716  3.312E+05  4.930E-08  2.017E+05  4.629E+02   68.5   70.6   21.5   18.0   22.0   15.0   15.0   34.8   23.9
