2000  1  1   1 18.00    0.0  -25.0   54.0  9.999E-38  1.923E+19  5.155E+18 1.183E-03  295.0  1292  1.280E+14  2.298E+17  9.999E-38  9.999E-38  125.8  160.6   30.1   32.0   18.0   27.0   39.0   34.5   19.2
2000  1  1   1 18.00    5.0  -25.0   54.0  9.999E-38  1.147E+19  3.076E+18 7.062E-04  271.4  1292  7.640E+13  1.371E+17  9.999E-38  9.999E-38  125.8  160.6   30.1   32.0   18.0   27.0   39.0   34.5   19.2
2000  1  1   1 18.00   10.0  -25.0   54.0  9.999E-38  6.716E+18  1.801E+18 4.134E-04  238.2  1292  4.472E+13  8.026E+16  9.999E-38  9.999E-38  125.8  160.6   30.1   32.0   18.0   27.0   39.0   34.5   19.2
2000  1  1   1 18.00   15.0  -25.0   54.0  9.999E-38  3.614E+18  9.691E+17 2.225E-04  203.3  1292  2.407E+13  4.319E+16  9.999E-38  9.999E-38  125.8  160.6   30.1   32.0   18.0   27.0   39.0   34.5   19.2
2000  1  1   1 18.00   20.0  -25.0   54.0  9.999E-38  1.555E+18  4.171E+17 9.574E-05  202.8  1292  1.036E+13  1.859E+16  9.999E-38  9.999E-38  125.8  160.6   30.1   32.0   18.0   27.0   39.0   34.5   19.2
2000  1  1   1 18.00   25.0  -25.0   54.0  9.999E-38  6.471E+17  1.735E+17 3.983E-05  217.6  1292  4.309E+12  7.733E+15  9.999E-38  9.999E-38  125.8  160.6   30.1   32.0   18.0   27.0   39.0   34.5   19.2
2000  1  1   1 18.00   30.0  -25.0   54.0  9.999E-38  2.904E+17  7.787E+16 1.788E-05  227.0  1292  1.934E+12  3.471E+15  9.999E-38  9.999E-38  125.8  160.6   30.1   32.0   18.0   27.0   39.0   34.5   19.2
2000  1  1   1 18.00   35.0  -25.0   54.0  9.999E-38  1.336E+17  3.582E+16 8.223E-06  238.6  1292  8.896E+11  1.596E+15  9.999E-38  9.999E-38  125.8  160.6   30.1   32.0   18.0   27.0   39.0   34.5   19.2
2000  1  1   1 18.00   40.0  -25.0   54.0  9.999E-38  6.336E+16  1.699E+16 3.900E-06  253.5  1292  4.219E+11  7.572E+14  9.999E-38  9.999E-38  125.8  160.6   30.1   32.0   18.0   27.0   39.0   34.5   19.2
2000  1  1   1 18.00   45.0  -25.0   54.0  9.999E-38  3.160E+16  8.475E+15 1.946E-06  266.3  1292  2.105E+11  3.777E+14  9.999E-38  9.999E-38  125.8  160.6   30.1   32.0   18.0   27.0   39.0   34.5   19.2
2000  1  1   1 18.00   50.0  -25.0   54.0  9.999E-38  1.684E+16  4.516E+15 1.037E-06  266.8  1292  1.122E+11  2.013E+14  9.999E-38  9.999E-38  125.8  160.6   30.1   32.0   18.0   27.0   39.0   34.5   19.2
2000  1  1   1 18.00   55.0  -25.0   54.0  6.670E+09  9.211E+15  2.470E+15 5.670E-07  257.6  1292  6.134E+10  1.101E+14  9.999E-38  9.999E-38  125.8  160.6   30.1   32.0   18.0   27.0   39.0   34.5   19.2
2000  1  1   1 18.00   60.0  -25.0   54.0  7.442E+09  4.981E+15  1.336E+15 3.067E-07  244.7  1292  3.317E+10  5.953E+13  9.999E-38  9.999E-38  125.8  160.6   30.1   32.0   18.0   27.0   39.0   34.5   19.2
2000  1  1   1 18.00   65.0  -25.0   54.0  7.087E+09  2.632E+15  7.058E+14 1.620E-07  228.4  1292  1.753E+10  3.146E+13  9.999E-38  9.999E-38  125.8  160.6   30.1   32.0   18.0   27.0   39.0   34.5   19.2
2000  1  1   1 18.00   70.0  -25.0   54.0  5.868E+09  1.323E+15  3.548E+14 8.144E-08  213.0  1292  8.810E+09  1.581E+13  9.999E-38  9.999E-38  125.8  160.6   30.1   32.0   18.0   27.0   39.0   34.5   19.2
2000  1  1   1 18.00   75.0  -25.0   54.0  4.304E+09  6.207E+14  1.664E+14 3.821E-08  203.5  1292  4.133E+09  7.418E+12  9.999E-38  9.999E-38  125.8  160.6   30.1   32.0   18.0   27.0   39.0   34.5   19.2
2000  1  1   1 18.00   80.0  -25.0   54.0  1.202E+10  2.795E+14  7.495E+13 1.721E-08  196.5  1292  1.886E+09  3.340E+12  2.177E+08  9.999E-38  125.8  160.6   30.1   32.0   18.0   27.0   39.0   34.5   19.2
2000  1  1   1 18.00   85.0  -25.0   54.0  1.040E+11  1.216E+14  3.257E+13 7.485E-09  192.2  1292  8.661E+08  1.452E+12  1.948E+08  9.999E-38  125.8  160.6   30.1   32.0   18.0   27.0   39.0   34.5   19.2
2000  1  1   1 18.00   90.0  -25.0   54.0  4.480E+11  5.289E+13  1.402E+13 3.259E-09  184.4  1292  4.244E+08  6.224E+11  1.125E+08  9.999E-38  125.8  160.6   30.1   32.0   18.0   27.0   39.0   34.5   19.2
2000  1  1   1 18.00   95.0  -25.0   54.0  7.483E+11  2.228E+13  5.709E+12 1.376E-09  177.1  1292  2.295E+08  2.504E+11  6.474E+07  1.358E+05  125.8  160.6   30.1   32.0   18.0   27.0   39.0   34.5   19.2
2000  1  1   1 18.00  100.0  -25.0   54.0  5.477E+11  8.816E+12  2.098E+12 5.421E-10  179.0  1292  1.334E+08  8.954E+10  3.652E+07  2.534E+05  125.8  160.6   30.1   32.0   18.0   27.0   39.0   34.5   19.2
2000  1  1   1 18.00  105.0  -25.0   54.0  2.572E+11  3.359E+12  7.068E+11 2.025E-10  197.1  1292  8.270E+07  2.897E+10  1.988E+07  4.320E+05  125.8  160.6   30.1   32.0   18.0   27.0   39.0   34.5   19.2
2000  1  1   1 18.00  110.0  -25.0   54.0  1.348E+11  1.294E+12  2.335E+11 7.680E-11  243.7  1292  5.288E+07  9.361E+09  1.047E+07  6.963E+05  125.8  160.6   30.1   32.0   18.0   27.0   39.0   34.5   19.2
2000  1  1   1 18.00  115.0  -25.0   54.0  7.785E+10  5.527E+11  8.475E+10 3.251E-11  320.9  1292  3.420E+07  3.414E+09  5.448E+06  1.106E+06  125.8  160.6   30.1   32.0   18.0   27.0   39.0   34.5   19.2
2000  1  1   1 18.00  120.0  -25.0   54.0  5.087E+10  2.830E+11  3.702E+10 1.658E-11  402.8  1292  2.434E+07  1.523E+09  3.131E+06  1.833E+06  125.8  160.6   30.1   32.0   18.0   27.0   39.0   34.5   19.2
2000  1  1   1 18.00  125.0  -25.0   54.0  3.687E+10  1.682E+11  1.893E+10 9.861E-12  471.1  1292  1.892E+07  7.979E+08  2.008E+06  3.083E+06  125.8  160.6   30.1   32.0   18.0   27.0   39.0   34.5   19.2
2000  1  1   1 18.00  130.0  -25.0   54.0  2.807E+10  1.086E+11  1.064E+10 6.395E-12  531.0  1292  1.542E+07  4.598E+08  1.369E+06  4.981E+06  125.8  160.6   30.1   32.0   18.0   27.0   39.0   34.5   19.2
2000  1  1   1 18.00  135.0  -25.0   54.0  2.200E+10  7.406E+10  6.372E+09 4.387E-12  586.5  1292  1.293E+07  2.820E+08  9.733E+05  7.623E+06  125.8  160.6   30.1   32.0   18.0   27.0   39.0   34.5   19.2
2000  1  1   1 18.00  140.0  -25.0   54.0  1.767E+10  5.260E+10  4.013E+09 3.142E-12  637.9  1292  1.107E+07  1.813E+08  7.152E+05  1.109E+07  125.8  160.6   30.1   32.0   18.0   27.0   39.0   34.5   19.2
2000  1  1   1 18.00  145.0  -25.0   54.0  1.448E+10  3.856E+10  2.635E+09 2.327E-12  685.4  1292  9.650E+06  1.210E+08  5.403E+05  1.538E+07  125.8  160.6   30.1   32.0   18.0   27.0   39.0   34.5   19.2
2000  1  1   1 18.00  150.0  -25.0   54.0  1.206E+10  2.900E+10  1.791E+09 1.771E-12  729.4  1292  8.529E+06  8.327E+07  4.181E+05  2.036E+07  125.8  160.6   30.1   32.0   18.0   27.0   39.0   34.5   19.2
2000  1  1   1 18.00  155.0  -25.0   54.0  1.017E+10  2.227E+10  1.254E+09 1.377E-12  770.2  1292  7.629E+06  5.882E+07  3.308E+05  2.577E+07  125.8  160.6   30.1   32.0   18.0   27.0   39.0   34.5   19.2
2000  1  1   1 18.00  160.0  -25.0   54.0  8.672E+09  1.740E+10  9.016E+08 1.091E-12  808.0  1292  6.894E+06  4.244E+07  2.673E+05  3.126E+07  125.8  160.6   30.1   32.0   18.0   27.0   39.0   34.5   19.2
2000  1  1   1 18.00  165.0  -25.0   54.0  7.469E+09  1.379E+10  6.631E+08 8.783E-13  843.0  1292  6.286E+06  3.116E+07  2.204E+05  3.644E+07  125.8  160.6   30.1   32.0   18.0   27.0   39.0   34.5   19.2
2000  1  1   1 18.00  170.0  -25.0   54.0  6.487E+09  1.107E+10  4.977E+08 7.163E-13  875.4  1292  5.779E+06  2.323E+07  1.852E+05  4.097E+07  125.8  160.6   30.1   32.0   18.0   27.0   39.0   34.5   19.2
2000  1  1   1 18.00  175.0  -25.0   54.0  5.677E+09  8.981E+09  3.803E+08 5.910E-13  905.4  1292  5.350E+06  1.755E+07  1.585E+05  4.457E+07  125.8  160.6   30.1   32.0   18.0   27.0   39.0   34.5   19.2
2000  1  1   1 18.00  180.0  -25.0   54.0  5.001E+09  7.353E+09  2.952E+08 4.926E-13  933.2  1292  4.985E+06  1.340E+07  1.379E+05  4.711E+07  125.8  160.6   30.1   32.0   18.0   27.0   39.0   34.5   19.2
2000  1  1   1 18.00  185.0  -25.0   54.0  4.430E+09  6.069E+09  2.323E+08 4.142E-13  959.0  1292  4.671E+06  1.033E+07  1.220E+05  4.858E+07  125.8  160.6   30.1   32.0   18.0   27.0   39.0   34.5   19.2
2000  1  1   1 18.00  190.0  -25.0   54.0  3.945E+09  5.045E+09  1.851E+08 3.510E-13  982.9  1292  4.400E+06  8.037E+06  1.095E+05  4.906E+07  125.8  160.6   30.1   32.0   18.0   27.0   39.0   34.5   19.2
2000  1  1   1 18.00  195.0  -25.0   54.0  3.529E+09  4.220E+09  1.490E+08 2.995E-13 1005.0  1292  4.164E+06  6.300E+06  9.958E+04  4.869E+07  125.8  160.6   30.1   32.0   18.0   27.0   39.0   34.5   19.2
2000  1  1   1 18.00  200.0  -25.0   54.0  3.170E+09  3.549E+09  1.210E+08 2.572E-13 1025.5  1292  3.957E+06  4.971E+06  9.163E+04  4.766E+07  125.8  160.6   30.1   32.0   18.0   27.0   39.0   34.5   19.2
2000  1  1   1 18.00  205.0  -25.0   54.0  2.857E+09  3.001E+09  9.908E+07 2.221E-13 1044.6  1292  3.773E+06  3.947E+06  8.520E+04  4.612E+07  125.8  160.6   30.1   32.0   18.0   27.0   39.0   34.5   19.2
2000  1  1   1 18.00  210.0  -25.0   54.0  2.584E+09  2.548E+09  8.170E+07 1.928E-13 1062.2  1292  3.609E+06  3.151E+06  7.994E+04  4.423E+07  125.8  160.6   30.1   32.0   18.0   27.0   39.0   34.5   19.2
2000  1  1   1 18.00  215.0  -25.0   54.0  2.343E+09  2.172E+09  6.777E+07 1.681E-13 1078.6  1292  3.463E+06  2.528E+06  7.562E+04  4.212E+07  125.8  160.6   30.1   32.0   18.0   27.0   39.0   34.5   19.2
2000  1  1   1 18.00  220.0  -25.0   54.0  2.131E+09  1.859E+09  5.652E+07 1.472E-13 1093.8  1292  3.331E+06  2.037E+06  7.202E+04  3.990E+07  125.8  160.6   30.1   32.0   18.0   27.0   39.0   34.5   19.2
2000  1  1   1 18.00  225.0  -25.0   54.0  1.942E+09  1.596E+09  4.736E+07 1.294E-13 1107.8  1292  3.211E+06  1.648E+06  6.901E+04  3.765E+07  125.8  160.6   30.1   32.0   18.0   27.0   39.0   34.5   19.2
2000  1  1   1 18.00  230.0  -25.0   54.0  1.774E+09  1.374E+09  3.985E+07 1.141E-13 1120.9  1292  3.101E+06  1.339E+06  6.646E+04  3.541E+07  125.8  160.6   30.1   32.0   18.0   27.0   39.0   34.5   19.2
2000  1  1   1 18.00  235.0  -25.0   54.0  1.624E+09  1.186E+09  3.365E+07 1.010E-13 1133.0  1292  3.001E+06  1.091E+06  6.429E+04  3.324E+07  125.8  160.6   30.1   32.0   18.0   27.0   39.0   34.5   19.2
2000  1  1   1 18.00  240.0  -25.0   54.0  1.489E+09  1.027E+09  2.851E+07 8.964E-14 1144.2  1292  2.908E+06  8.917E+05  6.244E+04  3.115E+07  125.8  160.6   30.1   32.0   18.0   27.0   39.0   34.5   19.2
2000  1  1   1 18.00  245.0  -25.0   54.0  1.368E+09  8.906E+08  2.422E+07 7.980E-14 1154.7  1292  2.822E+06  7.310E+05  6.083E+04  2.917E+07  125.8  160.6   30.1   32.0   18.0   27.0   39.0   34.5   19.2
2000  1  1   1 18.00  250.0  -25.0   54.0  1.258E+09  7.742E+08  2.064E+07 7.123E-14 1164.3  1292  2.742E+06  6.009E+05  5.943E+04  2.729E+07  125.8  160.6   30.1   32.0   18.0   27.0   39.0   34.5   19.2
2000  1  1   1 18.00  255.0  -25.0   54.0  1.159E+09  6.743E+08  1.763E+07 6.373E-14 1173.3  1292  2.667E+06  4.951E+05  5.820E+04  2.553E+07  125.8  160.6   30.1   32.0   18.0   27.0   39.0   34.5   19.2
2000  1  1   1 18.00  260.0  -25.0   54.0  1.069E+09  5.883E+08  1.508E+07 5.716E-14 1181.7  1292  2.597E+06  4.088E+05  5.712E+04  2.388E+07  125.8  160.6   30.1   32.0   18.0   27.0   39.0   34.5   19.2
2000  1  1   1 18.00  265.0  -25.0   54.0  9.867E+08  5.141E+08  1.293E+07 5.138E-14 1189.4  1292  2.531E+06  3.383E+05  5.615E+04  2.233E+07  125.8  160.6   30.1   32.0   18.0   27.0   39.0   34.5   19.2
2000  1  1   1 18.00  270.0  -25.0   54.0  9.120E+08  4.499E+08  1.111E+07 4.627E-14 1196.6  1292  2.468E+06  2.805E+05  5.529E+04  2.089E+07  125.8  160.6   30.1   32.0   18.0   27.0   39.0   34.5   19.2
2000  1  1   1 18.00  275.0  -25.0   54.0  8.438E+08  3.943E+08  9.560E+06 4.176E-14 1203.3  1292  2.409E+06  2.329E+05  5.451E+04  1.955E+07  125.8  160.6   30.1   32.0   18.0   27.0   39.0   34.5   19.2
2000  1  1   1 18.00  280.0  -25.0   54.0  7.815E+08  3.461E+08  8.239E+06 3.775E-14 1209.5  1292  2.353E+06  1.938E+05  5.380E+04  1.831E+07  125.8  160.6   30.1   32.0   18.0   27.0   39.0   34.5   19.2
2000  1  1   1 18.00  285.0  -25.0   54.0  7.243E+08  3.040E+08  7.109E+06 3.419E-14 1215.2  1292  2.299E+06  1.615E+05  5.316E+04  1.714E+07  125.8  160.6   30.1   32.0   18.0   27.0   39.0   34.5   19.2
2000  1  1   1 18.00  290.0  -25.0   54.0  6.719E+08  2.674E+08  6.143E+06 3.101E-14 1220.6  1292  2.248E+06  1.347E+05  5.257E+04  1.606E+07  125.8  160.6   30.1   32.0   18.0   27.0   39.0   34.5   19.2
2000  1  1   1 18.00  295.0  -25.0   54.0  6.237E+08  2.355E+08  5.314E+06 2.818E-14 1225.6  1292  2.200E+06  1.126E+05  5.202E+04  1.506E+07  125.8  160.6   30.1   32.0   18.0   27.0   39.0   34.5   19.2
2000  1  1   1 18.00  300.0  -25.0   54.0  5.793E+08  2.075E+08  4.602E+06 2.564E-14 1230.2  1292  2.153E+06  9.415E+04  5.152E+04  1.412E+07  125.8  160.6   30.1   32.0   18.0   27.0   39.0   34.5   19.2
2000  1  1   1 18.00  305.0  -25.0   54.0  5.385E+08  1.831E+08  3.989E+06 2.336E-14 1234.5  1292  2.108E+06  7.885E+04  5.105E+04  1.325E+07  125.8  160.6   30.1   32.0   18.0   27.0   39.0   34.5   19.2
2000  1  1   1 18.00  310.0  -25.0   54.0  5.008E+08  1.616E+08  3.461E+06 2.132E-14 1238.4  1292  2.065E+06  6.611E+04  5.060E+04  1.243E+07  125.8  160.6   30.1   32.0   18.0   27.0   39.0   34.5   19.2
2000  1  1   1 18.00  315.0  -25.0   54.0  4.660E+08  1.428E+08  3.006E+06 1.947E-14 1242.1  1292  2.023E+06  5.549E+04  5.019E+04  1.167E+07  125.8  160.6   30.1   32.0   18.0   27.0   39.0   34.5   19.2
2000  1  1   1 18.00  320.0  -25.0   54.0  4.339E+08  1.263E+08  2.613E+06 1.781E-14 1245.6  1292  1.983E+06  4.662E+04  4.980E+04  1.097E+07  125.8  160.6   30.1   32.0   18.0   27.0   39.0   34.5   19.2
2000  1  1   1 18.00  325.0  -25.0   54.0  4.042E+08  1.118E+08  2.273E+06 1.631E-14 1248.8  1292  1.944E+06  3.920E+04  4.942E+04  1.030E+07  125.8  160.6   30.1   32.0   18.0   27.0   39.0   34.5   19.2
2000  1  1   1 18.00  330.0  -25.0   54.0  3.767E+08  9.896E+07  1.979E+06 1.496E-14 1251.8  1292  1.906E+06  3.299E+04  4.907E+04  9.687E+06  125.8  160.6   30.1   32.0   18.0   27.0   39.0   34.5   19.2
2000  1  1   1 18.00  335.0  -25.0   54.0  3.512E+08  8.768E+07  1.724E+06 1.373E-14 1254.5  1292  1.870E+06  2.779E+04  4.873E+04  9.110E+06  125.8  160.6   30.1   32.0   18.0   27.0   39.0   34.5   19.2
2000  1  1   1 18.00  340.0  -25.0   54.0  3.276E+08  7.773E+07  1.503E+06 1.261E-14 1257.1  1292  1.835E+06  2.342E+04  4.841E+04  8.569E+06  125.8  160.6   30.1   32.0   18.0   27.0   39.0   34.5   19.2
2000  1  1   1 18.00  345.0  -25.0   54.0  3.056E+08  6.895E+07  1.311E+06 1.160E-14 1259.5  1292  1.801E+06  1.976E+04  4.810E+04  8.064E+06  125.8  160.6   30.1   32.0   18.0   27.0   39.0   34.5   19.2
2000  1  1   1 18.00  350.0  -25.0   54.0  2.853E+08  6.119E+07  1.144E+06 1.068E-14 1261.7  1292  1.767E+06  1.668E+04  4.780E+04  7.591E+06  125.8  160.6   30.1   32.0   18.0   27.0   39.0   34.5   19.2
2000  1  1   1 18.00  355.0  -25.0   54.0  2.664E+08  5.433E+07  9.989E+05 9.836E-15 1263.8  1292  1.735E+06  1.409E+04  4.751E+04  7.147E+06  125.8  160.6   30.1   32.0   18.0   27.0   39.0   34.5   19.2
2000  1  1   1 18.00  360.0  -25.0   54.0  2.488E+08  4.827E+07  8.728E+05 9.071E-15 1265.7  1292  1.704E+06  1.191E+04  4.723E+04  6.732E+06  125.8  160.6   30.1   32.0   18.0   27.0   39.0   34.5   19.2
2000  1  1   1 18.00  365.0  -25.0   54.0  2.325E+08  4.290E+07  7.630E+05 8.371E-15 1267.5  1292  1.673E+06  1.007E+04  4.696E+04  6.342E+06  125.8  160.6   30.1   32.0   18.0   27.0   39.0   34.5   19.2
2000  1  1   1 18.00  370.0  -25.0   54.0  2.172E+08  3.815E+07  6.673E+05 7.732E-15 1269.2  1292  1.644E+06  8.522E+03  4.670E+04  5.977E+06  125.8  160.6   30.1   32.0   18.0   27.0   39.0   34.5   19.2
2000  1  1   1 18.00  375.0  -25.0   54.0  2.031E+08  3.393E+07  5.838E+05 7.148E-15 1270.7  1292  1.615E+06  7.216E+03  4.645E+04  5.634E+06  125.8  160.6   30.1   32.0   18.0   27.0   39.0   34.5   19.2
2000  1  1   1 18.00  380.0  -25.0   54.0  1.899E+08  3.019E+07  5.111E+05 6.612E-15 1272.2  1292  1.586E+06  6.113E+03  4.620E+04  5.312E+06  125.8  160.6   30.1   32.0   18.0   27.0   39.0   34.5   19.2
2000  1  1   1 18.00  385.0  -25.0   54.0  1.776E+08  2.688E+07  4.476E+05 6.121E-15 1273.5  1292  1.559E+06  5.181E+03  4.596E+04  5.009E+06  125.8  160.6   30.1   32.0   18.0   27.0   39.0   34.5   19.2
2000  1  1   1 18.00  390.0  -25.0   54.0  1.662E+08  2.394E+07  3.921E+05 5.670E-15 1274.8  1292  1.532E+06  4.393E+03  4.572E+04  4.725E+06  125.8  160.6   30.1   32.0   18.0   27.0   39.0   34.5   19.2
2000  1  1   1 18.00  395.0  -25.0   54.0  1.555E+08  2.132E+07  3.437E+05 5.256E-15 1275.9  1292  1.506E+06  3.727E+03  4.549E+04  4.457E+06  125.8  160.6   30.1   32.0   18.0   27.0   39.0   34.5   19.2
2000  1  1   1 18.00  400.0  -25.0   54.0  1.455E+08  1.900E+07  3.013E+05 4.875E-15 1277.0  1292  1.480E+06  3.164E+03  4.526E+04  4.206E+06  125.8  160.6   30.1   32.0   18.0   27.0   39.0   34.5   19.2
2000  1  1   1 18.00  405.0  -25.0   54.0  1.362E+08  1.694E+07  2.643E+05 4.524E-15 1278.0  1292  1.455E+06  2.686E+03  4.504E+04  3.970E+06  125.8  160.6   30.1   32.0   18.0   27.0   39.0   34.5   19.2
2000  1  1   1 18.00  410.0  -25.0   54.0  1.276E+08  1.511E+07  2.319E+05 4.202E-15 1279.0  1292  1.430E+06  2.282E+03  4.483E+04  3.747E+06  125.8  160.6   30.1   32.0   18.0   27.0   39.0   34.5   19.2
2000  1  1   1 18.00  415.0  -25.0   54.0  1.195E+08  1.347E+07  2.035E+05 3.904E-15 1279.8  1292  1.406E+06  1.939E+03  4.461E+04  3.538E+06  125.8  160.6   30.1   32.0   18.0   27.0   39.0   34.5   19.2
2000  1  1   1 18.00  420.0  -25.0   54.0  1.119E+08  1.202E+07  1.787E+05 3.629E-15 1280.7  1292  1.383E+06  1.649E+03  4.440E+04  3.341E+06  125.8  160.6   30.1   32.0   18.0   27.0   39.0   34.5   19.2
2000  1  1   1 18.00  425.0  -25.0   54.0  1.048E+08  1.073E+07  1.569E+05 3.376E-15 1281.4  1292  1.360E+06  1.402E+03  4.420E+04  3.155E+06  125.8  160.6   30.1   32.0   18.0   27.0   39.0   34.5   19.2
2000  1  1   1 18.00  430.0  -25.0   54.0  9.824E+07  9.578E+06  1.378E+05 3.142E-15 1282.1  1292  1.337E+06  1.193E+03  4.399E+04  2.980E+06  125.8  160.6   30.1   32.0   18.0   27.0   39.0   34.5   19.2
2000  1  1   1 18.00  435.0  -25.0   54.0  9.207E+07  8.553E+06  1.211E+05 2.925E-15 1282.8  1292  1.315E+06  1.015E+03  4.379E+04  2.815E+06  125.8  160.6   30.1   32.0   18.0   27.0   39.0   34.5   19.2
2000  1  1   1 18.00  440.0  -25.0   54.0  8.630E+07  7.640E+06  1.065E+05 2.725E-15 1283.4  1292  1.294E+06  8.645E+02  4.360E+04  2.660E+06  125.8  160.6   30.1   32.0   18.0   27.0   39.0   34.5   19.2
2000  1  1   1 18.00  445.0  -25.0   54.0  8.091E+07  6.826E+06  9.362E+04 2.540E-15 1284.0  1292  1.273E+06  7.363E+02  4.340E+04  2.514E+06  125.8  160.6   30.1   32.0   18.0   27.0   39.0   34.5   19.2
2000  1  1   1 18.00  450.0  -25.0   54.0  7.586E+07  6.100E+06  8.234E+04 2.368E-15 1284.5  1292  1.252E+06  6.273E+02  4.321E+04  2.376E+06  125.8  160.6   30.1   32.0   18.0   27.0   39.0   34.5   19.2
2000  1  1   1 18.00  455.0  -25.0   54.0  7.114E+07  5.452E+06  7.244E+04 2.209E-15 1285.0  1292  1.232E+06  5.346E+02  4.302E+04  2.246E+06  125.8  160.6   30.1   32.0   18.0   27.0   39.0   34.5   19.2
2000  1  1   1 18.00  460.0  -25.0   54.0  6.672E+07  4.875E+06  6.375E+04 2.061E-15 1285.5  1292  1.212E+06  4.558E+02  4.284E+04  2.123E+06  125.8  160.6   30.1   32.0   18.0   27.0   39.0   34.5   19.2
2000  1  1   1 18.00  465.0  -25.0   54.0  6.259E+07  4.359E+06  5.611E+04 1.924E-15 1285.9  1292  1.192E+06  3.887E+02  4.265E+04  2.007E+06  125.8  160.6   30.1   32.0   18.0   27.0   39.0   34.5   19.2
2000  1  1   1 18.00  470.0  -25.0   54.0  5.872E+07  3.899E+06  4.940E+04 1.797E-15 1286.3  1292  1.173E+06  3.316E+02  4.247E+04  1.898E+06  125.8  160.6   30.1   32.0   18.0   27.0   39.0   34.5   19.2
2000  1  1   1 18.00  475.0  -25.0   54.0  5.509E+07  3.488E+06  4.350E+04 1.679E-15 1286.7  1292  1.154E+06  2.829E+02  4.229E+04  1.795E+06  125.8  160.6   30.1   32.0   18.0   27.0   39.0   34.5   19.2
2000  1  1   1 18.00  480.0  -25.0   54.0  5.170E+07  3.122E+06  3.832E+04 1.569E-15 1287.0  1292  1.136E+06  2.415E+02  4.211E+04  1.698E+06  125.8  160.6   30.1   32.0   18.0   27.0   39.0   34.5   19.2
2000  1  1   1 18.00  485.0  -25.0   54.0  4.852E+07  2.794E+06  3.376E+04 1.467E-15 1287.4  1292  1.118E+06  2.062E+02  4.193E+04  1.606E+06  125.8  160.6   30.1   32.0   18.0   27.0   39.0   34.5   19.2
2000  1  1   1 18.00  490.0  -25.0   54.0  4.554E+07  2.501E+06  2.975E+04 1.372E-15 1287.7  1292  1.100E+06  1.761E+02  4.176E+04  1.520E+06  125.8  160.6   30.1   32.0   18.0   27.0   39.0   34.5   19.2
2000  1  1   1 18.00  495.0  -25.0   54.0  4.276E+07  2.240E+06  2.623E+04 1.283E-15 1288.0  1292  1.083E+06  1.505E+02  4.158E+04  1.438E+06  125.8  160.6   30.1   32.0   18.0   27.0   39.0   34.5   19.2
2000  1  1   1 18.00  500.0  -25.0   54.0  4.014E+07  2.006E+06  2.312E+04 1.201E-15 1288.2  1292  1.066E+06  1.286E+02  4.141E+04  1.360E+06  125.8  160.6   30.1   32.0   18.0   27.0   39.0   34.5   19.2
2000  1  1   1 18.00  505.0  -25.0   54.0  3.769E+07  1.797E+06  2.039E+04 1.124E-15 1288.5  1292  1.049E+06  1.099E+02  4.124E+04  1.288E+06  125.8  160.6   30.1   32.0   18.0   27.0   39.0   34.5   19.2
2000  1  1   1 18.00  510.0  -25.0   54.0  3.540E+07  1.610E+06  1.799E+04 1.053E-15 1288.7  1292  1.032E+06  9.397E+01  4.107E+04  1.219E+06  125.8  160.6   30.1   32.0   18.0   27.0   39.0   34.5   19.2
2000  1  1   1 18.00  515.0  -25.0   54.0  3.324E+07  1.442E+06  1.587E+04 9.858E-16 1288.9  1292  1.016E+06  8.037E+01  4.091E+04  1.153E+06  125.8  160.6   30.1   32.0   18.0   27.0   39.0   34.5   19.2
2000  1  1   1 18.00  520.0  -25.0   54.0  3.123E+07  1.293E+06  1.400E+04 9.236E-16 1289.1  1292  1.000E+06  6.876E+01  4.074E+04  1.092E+06  125.8  160.6   30.1   32.0   18.0   27.0   39.0   34.5   19.2
2000  1  1   1 18.00  525.0  -25.0   54.0  2.934E+07  1.159E+06  1.236E+04 8.656E-16 1289.3  1292  9.845E+05  5.883E+01  4.058E+04  1.034E+06  125.8  160.6   30.1   32.0   18.0   27.0   39.0   34.5   19.2
2000  1  1   1 18.00  530.0  -25.0   54.0  2.756E+07  1.039E+06  1.091E+04 8.114E-16 1289.5  1292  9.692E+05  5.036E+01  4.041E+04  9.788E+05  125.8  160.6   30.1   32.0   18.0   27.0   39.0   34.5   19.2
2000  1  1   1 18.00  535.0  -25.0   54.0  2.590E+07  9.318E+05  9.634E+03 7.609E-16 1289.6  1292  9.541E+05  4.311E+01  4.025E+04  9.268E+05  125.8  160.6   30.1   32.0   18.0   27.0   39.0   34.5   19.2
2000  1  1   1 18.00  540.0  -25.0   54.0  2.434E+07  8.358E+05  8.509E+03 7.136E-16 1289.8  1292  9.393E+05  3.692E+01  4.009E+04  8.777E+05  125.8  160.6   30.1   32.0   18.0   27.0   39.0   34.5   19.2
2000  1  1   1 18.00  545.0  -25.0   54.0  2.287E+07  7.498E+05  7.516E+03 6.695E-16 1289.9  1292  9.248E+05  3.162E+01  3.993E+04  8.313E+05  125.8  160.6   30.1   32.0   18.0   27.0   39.0   34.5   19.2
2000  1  1   1 18.00  550.0  -25.0   54.0  2.150E+07  6.727E+05  6.641E+03 6.282E-16 1290.1  1292  9.105E+05  2.710E+01  3.977E+04  7.874E+05  125.8  160.6   30.1   32.0   18.0   27.0   39.0   34.5   19.2
2000  1  1   1 18.00  555.0  -25.0   54.0  2.021E+07  6.037E+05  5.868E+03 5.897E-16 1290.2  1292  8.965E+05  2.322E+01  3.962E+04  7.458E+05  125.8  160.6   30.1   32.0   18.0   27.0   39.0   34.5   19.2
2000  1  1   1 18.00  560.0  -25.0   54.0  1.900E+07  5.419E+05  5.187E+03 5.536E-16 1290.3  1292  8.827E+05  1.991E+01  3.946E+04  7.066E+05  125.8  160.6   30.1   32.0   18.0   27.0   39.0   34.5   19.2
2000  1  1   1 18.00  565.0  -25.0   54.0  1.786E+07  4.865E+05  4.586E+03 5.198E-16 1290.4  1292  8.691E+05  1.707E+01  3.931E+04  6.694E+05  125.8  160.6   30.1   32.0   18.0   27.0   39.0   34.5   19.2
2000  1  1   1 18.00  570.0  -25.0   54.0  1.679E+07  4.368E+05  4.055E+03 4.883E-16 1290.5  1292  8.558E+05  1.464E+01  3.915E+04  6.343E+05  125.8  160.6   30.1   32.0   18.0   27.0   39.0   34.5   19.2
2000  1  1   1 18.00  575.0  -25.0   54.0  1.579E+07  3.922E+05  3.586E+03 4.587E-16 1290.6  1292  8.427E+05  1.256E+01  3.900E+04  6.011E+05  125.8  160.6   30.1   32.0   18.0   27.0   39.0   34.5   19.2
2000  1  1   1 18.00  580.0  -25.0   54.0  1.485E+07  3.523E+05  3.172E+03 4.310E-16 1290.7  1292  8.298E+05  1.077E+01  3.885E+04  5.696E+05  125.8  160.6   30.1   32.0   18.0   27.0   39.0   34.5   19.2
2000  1  1   1 18.00  585.0  -25.0   54.0  1.397E+07  3.165E+05  2.806E+03 4.051E-16 1290.8  1292  8.172E+05  9.246E+00  3.870E+04  5.399E+05  125.8  160.6   30.1   32.0   18.0   27.0   39.0   34.5   19.2
2000  1  1   1 18.00  590.0  -25.0   54.0  1.314E+07  2.843E+05  2.483E+03 3.808E-16 1290.9  1292  8.047E+05  7.937E+00  3.855E+04  5.117E+05  125.8  160.6   30.1   32.0   18.0   27.0   39.0   34.5   19.2
2000  1  1   1 18.00  595.0  -25.0   54.0  1.236E+07  2.555E+05  2.198E+03 3.581E-16 1290.9  1292  7.925E+05  6.815E+00  3.840E+04  4.851E+05  125.8  160.6   30.1   32.0   18.0   27.0   39.0   34.5   19.2
2000  1  1   1 18.00  600.0  -25.0   54.0  1.163E+07  2.296E+05  1.946E+03 3.367E-16 1291.0  1292  7.805E+05  5.853E+00  3.825E+04  4.599E+05  125.8  160.6   30.1   32.0   18.0   27.0   39.0   34.5   19.2
2000  1  1   1 18.00  605.0  -25.0   54.0  1.094E+07  2.064E+05  1.723E+03 3.168E-16 1291.1  1292  7.687E+05  5.028E+00  3.810E+04  4.360E+05  125.8  160.6   30.1   32.0   18.0   27.0   39.0   34.5   19.2
2000  1  1   1 18.00  610.0  -25.0   54.0  1.030E+07  1.856E+05  1.526E+03 2.980E-16 1291.1  1292  7.570E+05  4.320E+00  3.796E+04  4.134E+05  125.8  160.6   30.1   32.0   18.0   27.0   39.0   34.5   19.2
2000  1  1   1 18.00  615.0  -25.0   54.0  9.692E+06  1.669E+05  1.351E+03 2.804E-16 1291.2  1292  7.456E+05  3.713E+00  3.781E+04  3.920E+05  125.8  160.6   30.1   32.0   18.0   27.0   39.0   34.5   19.2
2000  1  1   1 18.00  620.0  -25.0   54.0  9.122E+06  1.501E+05  1.197E+03 2.639E-16 1291.2  1292  7.344E+05  3.192E+00  3.767E+04  3.717E+05  125.8  160.6   30.1   32.0   18.0   27.0   39.0   34.5   19.2
2000  1  1   1 18.00  625.0  -25.0   54.0  8.587E+06  1.350E+05  1.061E+03 2.485E-16 1291.3  1292  7.233E+05  2.744E+00  3.752E+04  3.525E+05  125.8  160.6   30.1   32.0   18.0   27.0   39.0   34.5   19.2
2000  1  1   1 18.00  630.0  -25.0   54.0  8.083E+06  1.215E+05  9.399E+02 2.340E-16 1291.3  1292  7.125E+05  2.360E+00  3.738E+04  3.344E+05  125.8  160.6   30.1   32.0   18.0   27.0   39.0   34.5   19.2
2000  1  1   1 18.00  635.0  -25.0   54.0  7.610E+06  1.093E+05  8.331E+02 2.203E-16 1291.4  1292  7.018E+05  2.030E+00  3.724E+04  3.172E+05  125.8  160.6   30.1   32.0   18.0   27.0   39.0   34.5   19.2
2000  1  1   1 18.00  640.0  -25.0   54.0  7.165E+06  9.834E+04  7.385E+02 2.075E-16 1291.4  1292  6.913E+05  1.747E+00  3.710E+04  3.009E+05  125.8  160.6   30.1   32.0   18.0   27.0   39.0   34.5   19.2
2000  1  1   1 18.00  645.0  -25.0   54.0  6.747E+06  8.851E+04  6.548E+02 1.955E-16 1291.5  1292  6.809E+05  1.503E+00  3.696E+04  2.854E+05  125.8  160.6   30.1   32.0   18.0   27.0   39.0   34.5   19.2
2000  1  1   1 18.00  650.0  -25.0   54.0  6.353E+06  7.968E+04  5.807E+02 1.842E-16 1291.5  1292  6.708E+05  1.294E+00  3.682E+04  2.708E+05  125.8  160.6   30.1   32.0   18.0   27.0   39.0   34.5   19.2
2000  1  1   1 18.00  655.0  -25.0   54.0  5.984E+06  7.174E+04  5.151E+02 1.736E-16 1291.5  1292  6.608E+05  1.114E+00  3.668E+04  2.570E+05  125.8  160.6   30.1   32.0   18.0   27.0   39.0   34.5   19.2
2000  1  1   1 18.00  660.0  -25.0   54.0  5.636E+06  6.460E+04  4.570E+02 1.637E-16 1291.6  1292  6.510E+05  9.593E-01  3.654E+04  2.438E+05  125.8  160.6   30.1   32.0   18.0   27.0   39.0   34.5   19.2
2000  1  1   1 18.00  665.0  -25.0   54.0  5.309E+06  5.818E+04  4.055E+02 1.543E-16 1291.6  1292  6.413E+05  8.263E-01  3.640E+04  2.314E+05  125.8  160.6   30.1   32.0   18.0   27.0   39.0   34.5   19.2
2000  1  1   1 18.00  670.0  -25.0   54.0  5.001E+06  5.240E+04  3.598E+02 1.455E-16 1291.6  1292  6.318E+05  7.118E-01  3.627E+04  2.196E+05  125.8  160.6   30.1   32.0   18.0   27.0   39.0   34.5   19.2
2000  1  1   1 18.00  675.0  -25.0   54.0  4.712E+06  4.721E+04  3.194E+02 1.373E-16 1291.6  1292  6.224E+05  6.134E-01  3.613E+04  2.085E+05  125.8  160.6   30.1   32.0   18.0   27.0   39.0   34.5   19.2
2000  1  1   1 18.00  680.0  -25.0   54.0  4.439E+06  4.254E+04  2.835E+02 1.295E-16 1291.7  1292  6.132E+05  5.287E-01  3.600E+04  1.979E+05  125.8  160.6   30.1   32.0   18.0   27.0   39.0   34.5   19.2
2000  1  1   1 18.00  685.0  -25.0   54.0  4.183E+06  3.833E+04  2.518E+02 1.222E-16 1291.7  1292  6.042E+05  4.558E-01  3.586E+04  1.878E+05  125.8  160.6   30.1   32.0   18.0   27.0   39.0   34.5   19.2
2000  1  1   1 18.00  690.0  -25.0   54.0  3.942E+06  3.455E+04  2.236E+02 1.153E-16 1291.7  1292  5.953E+05  3.930E-01  3.573E+04  1.783E+05  125.8  160.6   30.1   32.0   18.0   27.0   39.0   34.5   19.2
2000  1  1   1 18.00  695.0  -25.0   54.0  3.715E+06  3.114E+04  1.986E+02 1.088E-16 1291.7  1292  5.865E+05  3.389E-01  3.560E+04  1.693E+05  125.8  160.6   30.1   32.0   18.0   27.0   39.0   34.5   19.2
2000  1  1   1 18.00  700.0  -25.0   54.0  3.502E+06  2.808E+04  1.764E+02 1.027E-16 1291.7  1292  5.779E+05  2.924E-01  3.547E+04  1.608E+05  125.8  160.6   30.1   32.0   18.0   27.0   39.0   34.5   19.2
2000  1  1   1 18.00  705.0  -25.0   54.0  3.301E+06  2.532E+04  1.568E+02 9.702E-17 1291.8  1292  5.694E+05  2.523E-01  3.533E+04  1.526E+05  125.8  160.6   30.1   32.0   18.0   27.0   39.0   34.5   19.2
2000  1  1   1 18.00  710.0  -25.0   54.0  3.111E+06  2.283E+04  1.393E+02 9.163E-17 1291.8  1292  5.610E+05  2.177E-01  3.520E+04  1.450E+05  125.8  160.6   30.1   32.0   18.0   27.0   39.0   34.5   19.2
2000  1  1   1 18.00  715.0  -25.0   54.0  2.933E+06  2.059E+04  1.238E+02 8.656E-17 1291.8  1292  5.528E+05  1.879E-01  3.507E+04  1.377E+05  125.8  160.6   30.1   32.0   18.0   27.0   39.0   34.5   19.2
2000  1  1   1 18.00  720.0  -25.0   54.0  2.766E+06  1.858E+04  1.101E+02 8.178E-17 1291.8  1292  5.448E+05  1.623E-01  3.495E+04  1.308E+05  125.8  160.6   30.1   32.0   18.0   27.0   39.0   34.5   19.2
2000  1  1   1 18.00  725.0  -25.0   54.0  2.608E+06  1.676E+04  9.787E+01 7.729E-17 1291.8  1292  5.368E+05  1.401E-01  3.482E+04  1.242E+05  125.8  160.6   30.1   32.0   18.0   27.0   39.0   34.5   19.2
2000  1  1   1 18.00  730.0  -25.0   54.0  2.459E+06  1.513E+04  8.704E+01 7.306E-17 1291.8  1292  5.290E+05  1.210E-01  3.469E+04  1.180E+05  125.8  160.6   30.1   32.0   18.0   27.0   39.0   34.5   19.2
2000  1  1   1 18.00  735.0  -25.0   54.0  2.319E+06  1.365E+04  7.741E+01 6.907E-17 1291.8  1292  5.213E+05  1.046E-01  3.456E+04  1.121E+05  125.8  160.6   30.1   32.0   18.0   27.0   39.0   34.5   19.2
2000  1  1   1 18.00  740.0  -25.0   54.0  2.188E+06  1.232E+04  6.886E+01 6.531E-17 1291.8  1292  5.137E+05  9.034E-02  3.444E+04  1.065E+05  125.8  160.6   30.1   32.0   18.0   27.0   39.0   34.5   19.2
2000  1  1   1 18.00  745.0  -25.0   54.0  2.063E+06  1.112E+04  6.127E+01 6.177E-17 1291.9  1292  5.063E+05  7.808E-02  3.431E+04  1.012E+05  125.8  160.6   30.1   32.0   18.0   27.0   39.0   34.5   19.2