2008  6  1 153  0.00    0.0  -25.0  125.0  9.999E-38  1.924E+19  5.160E+18 1.184E-03  294.7   670  1.281E+14  2.300E+17  9.999E-38  9.999E-38   68.8   69.0    7.2   12.0    6.0    5.0    6.0    9.2    8.9
2008  6  1 153  0.00    5.0  -25.0  125.0  9.999E-38  1.151E+19  3.086E+18 7.084E-04  268.8   670  7.664E+13  1.375E+17  9.999E-38  9.999E-38   68.8   69.0    7.2   12.0    6.0    5.0    6.0    9.2    8.9
2008  6  1 153  0.00   10.0  -25.0  125.0  9.999E-38  6.703E+18  1.798E+18 4.126E-04  235.1   670  4.464E+13  8.011E+16  9.999E-38  9.999E-38   68.8   69.0    7.2   12.0    6.0    5.0    6.0    9.2    8.9
2008  6  1 153  0.00   15.0  -25.0  125.0  9.999E-38  3.515E+18  9.425E+17 2.164E-04  205.9   670  2.341E+13  4.200E+16  9.999E-38  9.999E-38   68.8   69.0    7.2   12.0    6.0    5.0    6.0    9.2    8.9
2008  6  1 153  0.00   20.0  -25.0  125.0  9.999E-38  1.524E+18  4.088E+17 9.384E-05  207.1   670  1.015E+13  1.822E+16  9.999E-38  9.999E-38   68.8   69.0    7.2   12.0    6.0    5.0    6.0    9.2    8.9
2008  6  1 153  0.00   25.0  -25.0  125.0  9.999E-38  6.483E+17  1.739E+17 3.991E-05  220.5   670  4.317E+12  7.748E+15  9.999E-38  9.999E-38   68.8   69.0    7.2   12.0    6.0    5.0    6.0    9.2    8.9
2008  6  1 153  0.00   30.0  -25.0  125.0  9.999E-38  2.971E+17  7.966E+16 1.829E-05  226.1   670  1.978E+12  3.550E+15  9.999E-38  9.999E-38   68.8   69.0    7.2   12.0    6.0    5.0    6.0    9.2    8.9
2008  6  1 153  0.00   35.0  -25.0  125.0  9.999E-38  1.377E+17  3.693E+16 8.478E-06  233.9   670  9.171E+11  1.646E+15  9.999E-38  9.999E-38   68.8   69.0    7.2   12.0    6.0    5.0    6.0    9.2    8.9
2008  6  1 153  0.00   40.0  -25.0  125.0  9.999E-38  6.522E+16  1.749E+16 4.015E-06  243.6   670  4.343E+11  7.795E+14  9.999E-38  9.999E-38   68.8   69.0    7.2   12.0    6.0    5.0    6.0    9.2    8.9
2008  6  1 153  0.00   45.0  -25.0  125.0  9.999E-38  3.152E+16  8.451E+15 1.940E-06  257.5   670  2.099E+11  3.766E+14  9.999E-38  9.999E-38   68.8   69.0    7.2   12.0    6.0    5.0    6.0    9.2    8.9
2008  6  1 153  0.00   50.0  -25.0  125.0  9.999E-38  1.636E+16  4.388E+15 1.007E-06  260.0   670  1.090E+11  1.956E+14  9.999E-38  9.999E-38   68.8   69.0    7.2   12.0    6.0    5.0    6.0    9.2    8.9
2008  6  1 153  0.00   55.0  -25.0  125.0  4.528E+07  8.817E+15  2.364E+15 5.428E-07  250.5   670  5.872E+10  1.054E+14  9.999E-38  9.999E-38   68.8   69.0    7.2   12.0    6.0    5.0    6.0    9.2    8.9
2008  6  1 153  0.00   60.0  -25.0  125.0  3.948E+07  4.663E+15  1.250E+15 2.871E-07  238.9   670  3.105E+10  5.573E+13  9.999E-38  9.999E-38   68.8   69.0    7.2   12.0    6.0    5.0    6.0    9.2    8.9
2008  6  1 153  0.00   65.0  -25.0  125.0  4.735E+07  2.410E+15  6.463E+14 1.484E-07  224.9   670  1.605E+10  2.880E+13  9.999E-38  9.999E-38   68.8   69.0    7.2   12.0    6.0    5.0    6.0    9.2    8.9
2008  6  1 153  0.00   70.0  -25.0  125.0  9.761E+07  1.206E+15  3.233E+14 7.423E-08  207.5   670  8.030E+09  1.441E+13  9.999E-38  9.999E-38   68.8   69.0    7.2   12.0    6.0    5.0    6.0    9.2    8.9
2008  6  1 153  0.00   75.0  -25.0  125.0  2.198E+08  5.553E+14  1.489E+14 3.418E-08  196.9   670  3.698E+09  6.636E+12  9.999E-38  9.999E-38   68.8   69.0    7.2   12.0    6.0    5.0    6.0    9.2    8.9
2008  6  1 153  0.00   80.0  -25.0  125.0  2.563E+09  2.400E+14  6.436E+13 1.478E-08  194.0   670  1.620E+09  2.868E+12  1.528E+08  9.999E-38   68.8   69.0    7.2   12.0    6.0    5.0    6.0    9.2    8.9
2008  6  1 153  0.00   85.0  -25.0  125.0  1.056E+11  1.013E+14  2.717E+13 6.240E-09  195.9   670  7.230E+08  1.211E+12  1.682E+08  9.999E-38   68.8   69.0    7.2   12.0    6.0    5.0    6.0    9.2    8.9
2008  6  1 153  0.00   90.0  -25.0  125.0  3.829E+11  4.400E+13  1.176E+13 2.716E-09  192.7   670  3.563E+08  5.207E+11  1.023E+08  9.999E-38   68.8   69.0    7.2   12.0    6.0    5.0    6.0    9.2    8.9
2008  6  1 153  0.00   95.0  -25.0  125.0  5.509E+11  1.895E+13  5.004E+12 1.176E-09  186.7   670  2.018E+08  2.164E+11  6.267E+07  3.985E+04   68.8   69.0    7.2   12.0    6.0    5.0    6.0    9.2    8.9
2008  6  1 153  0.00  100.0  -25.0  125.0  4.427E+11  7.835E+12  1.997E+12 4.877E-10  186.7   670  1.282E+08  8.108E+10  3.957E+07  7.813E+04   68.8   69.0    7.2   12.0    6.0    5.0    6.0    9.2    8.9
2008  6  1 153  0.00  105.0  -25.0  125.0  2.613E+11  3.163E+12  7.539E+11 1.960E-10  197.2   670  9.078E+07  2.731E+10  2.559E+07  1.410E+05   68.8   69.0    7.2   12.0    6.0    5.0    6.0    9.2    8.9
2008  6  1 153  0.00  110.0  -25.0  125.0  1.537E+11  1.285E+12  2.822E+11 7.947E-11  223.7   670  6.930E+07  8.919E+09  1.694E+07  2.420E+05   68.8   69.0    7.2   12.0    6.0    5.0    6.0    9.2    8.9
2008  6  1 153  0.00  115.0  -25.0  125.0  9.254E+10  5.574E+11  1.123E+11 3.456E-11  265.9   670  5.403E+07  3.090E+09  1.126E+07  4.015E+05   68.8   69.0    7.2   12.0    6.0    5.0    6.0    9.2    8.9
2008  6  1 153  0.00  120.0  -25.0  125.0  5.848E+10  2.682E+11  4.969E+10 1.675E-11  318.3   670  4.364E+07  1.196E+09  7.779E+06  6.501E+05   68.8   69.0    7.2   12.0    6.0    5.0    6.0    9.2    8.9
2008  6  1 153  0.00  125.0  -25.0  125.0  3.937E+10  1.437E+11  2.460E+10 9.073E-12  374.1   670  3.632E+07  5.215E+08  5.639E+06  1.026E+06   68.8   69.0    7.2   12.0    6.0    5.0    6.0    9.2    8.9
2008  6  1 153  0.00  130.0  -25.0  125.0  2.826E+10  8.522E+10  1.357E+10 5.454E-12  423.4   670  3.157E+07  2.564E+08  4.308E+06  1.574E+06   68.8   69.0    7.2   12.0    6.0    5.0    6.0    9.2    8.9
2008  6  1 153  0.00  135.0  -25.0  125.0  2.128E+10  5.436E+10  8.095E+09 3.533E-12  464.4   670  2.838E+07  1.374E+08  3.436E+06  2.326E+06   68.8   69.0    7.2   12.0    6.0    5.0    6.0    9.2    8.9
2008  6  1 153  0.00  140.0  -25.0  125.0  1.658E+10  3.645E+10  5.096E+09 2.412E-12  498.5   670  2.611E+07  7.813E+07  2.828E+06  3.298E+06   68.8   69.0    7.2   12.0    6.0    5.0    6.0    9.2    8.9
2008  6  1 153  0.00  145.0  -25.0  125.0  1.326E+10  2.535E+10  3.339E+09 1.712E-12  526.9   670  2.441E+07  4.644E+07  2.384E+06  4.481E+06   68.8   69.0    7.2   12.0    6.0    5.0    6.0    9.2    8.9
2008  6  1 153  0.00  150.0  -25.0  125.0  1.079E+10  1.811E+10  2.256E+09 1.251E-12  550.6   670  2.308E+07  2.861E+07  2.049E+06  5.822E+06   68.8   69.0    7.2   12.0    6.0    5.0    6.0    9.2    8.9
2008  6  1 153  0.00  155.0  -25.0  125.0  8.908E+09  1.320E+10  1.560E+09 9.353E-13  570.3   670  2.200E+07  1.812E+07  1.790E+06  7.237E+06   68.8   69.0    7.2   12.0    6.0    5.0    6.0    9.2    8.9
2008  6  1 153  0.00  160.0  -25.0  125.0  7.430E+09  9.785E+09  1.100E+09 7.121E-13  586.7   670  2.110E+07  1.174E+07  1.587E+06  8.617E+06   68.8   69.0    7.2   12.0    6.0    5.0    6.0    9.2    8.9
2008  6  1 153  0.00  165.0  -25.0  125.0  6.252E+09  7.343E+09  7.870E+08 5.504E-13  600.4   670  2.032E+07  7.743E+06  1.425E+06  9.855E+06   68.8   69.0    7.2   12.0    6.0    5.0    6.0    9.2    8.9
2008  6  1 153  0.00  170.0  -25.0  125.0  5.299E+09  5.566E+09  5.701E+08 4.307E-13  611.8   670  1.962E+07  5.184E+06  1.294E+06  1.085E+07   68.8   69.0    7.2   12.0    6.0    5.0    6.0    9.2    8.9
2008  6  1 153  0.00  175.0  -25.0  125.0  4.516E+09  4.254E+09  4.172E+08 3.407E-13  621.3   670  1.898E+07  3.514E+06  1.189E+06  1.155E+07   68.8   69.0    7.2   12.0    6.0    5.0    6.0    9.2    8.9
2008  6  1 153  0.00  180.0  -25.0  125.0  3.868E+09  3.272E+09  3.079E+08 2.719E-13  629.2   670  1.838E+07  2.406E+06  1.103E+06  1.193E+07   68.8   69.0    7.2   12.0    6.0    5.0    6.0    9.2    8.9
2008  6  1 153  0.00  185.0  -25.0  125.0  3.326E+09  2.531E+09  2.288E+08 2.188E-13  635.8   670  1.781E+07  1.662E+06  1.033E+06  1.200E+07   68.8   69.0    7.2   12.0    6.0    5.0    6.0    9.2    8.9
2008  6  1 153  0.00  190.0  -25.0  125.0  2.870E+09  1.967E+09  1.710E+08 1.773E-13  641.4   670  1.727E+07  1.156E+06  9.745E+05  1.181E+07   68.8   69.0    7.2   12.0    6.0    5.0    6.0    9.2    8.9
2008  6  1 153  0.00  195.0  -25.0  125.0  2.482E+09  1.534E+09  1.285E+08 1.446E-13  646.0   670  1.674E+07  8.093E+05  9.262E+05  1.140E+07   68.8   69.0    7.2   12.0    6.0    5.0    6.0    9.2    8.9
2008  6  1 153  0.00  200.0  -25.0  125.0  2.152E+09  1.200E+09  9.689E+07 1.186E-13  649.8   670  1.623E+07  5.693E+05  8.859E+05  1.083E+07   68.8   69.0    7.2   12.0    6.0    5.0    6.0    9.2    8.9
2008  6  1 153  0.00  205.0  -25.0  125.0  1.870E+09  9.418E+08  7.332E+07 9.776E-14  653.1   670  1.574E+07  4.021E+05  8.519E+05  1.016E+07   68.8   69.0    7.2   12.0    6.0    5.0    6.0    9.2    8.9
2008  6  1 153  0.00  210.0  -25.0  125.0  1.627E+09  7.406E+08  5.565E+07 8.098E-14  655.8   670  1.525E+07  2.851E+05  8.232E+05  9.433E+06   68.8   69.0    7.2   12.0    6.0    5.0    6.0    9.2    8.9
2008  6  1 153  0.00  215.0  -25.0  125.0  1.418E+09  5.835E+08  4.234E+07 6.738E-14  658.0   670  1.478E+07  2.027E+05  7.987E+05  8.686E+06   68.8   69.0    7.2   12.0    6.0    5.0    6.0    9.2    8.9
2008  6  1 153  0.00  220.0  -25.0  125.0  1.237E+09  4.604E+08  3.228E+07 5.629E-14  659.9   670  1.432E+07  1.445E+05  7.777E+05  7.945E+06   68.8   69.0    7.2   12.0    6.0    5.0    6.0    9.2    8.9
2008  6  1 153  0.00  225.0  -25.0  125.0  1.080E+09  3.639E+08  2.466E+07 4.721E-14  661.5   670  1.388E+07  1.033E+05  7.594E+05  7.228E+06   68.8   69.0    7.2   12.0    6.0    5.0    6.0    9.2    8.9
2008  6  1 153  0.00  230.0  -25.0  125.0  9.444E+08  2.879E+08  1.886E+07 3.974E-14  662.8   670  1.344E+07  7.394E+04  7.435E+05  6.549E+06   68.8   69.0    7.2   12.0    6.0    5.0    6.0    9.2    8.9
2008  6  1 153  0.00  235.0  -25.0  125.0  8.262E+08  2.281E+08  1.445E+07 3.356E-14  663.9   670  1.302E+07  5.302E+04  7.295E+05  5.915E+06   68.8   69.0    7.2   12.0    6.0    5.0    6.0    9.2    8.9
2008  6  1 153  0.00  240.0  -25.0  125.0  7.232E+08  1.809E+08  1.108E+07 2.843E-14  664.8   670  1.261E+07  3.808E+04  7.170E+05  5.328E+06   68.8   69.0    7.2   12.0    6.0    5.0    6.0    9.2    8.9
2008  6  1 153  0.00  245.0  -25.0  125.0  6.334E+08  1.435E+08  8.510E+06 2.415E-14  665.6   670  1.221E+07  2.738E+04  7.058E+05  4.790E+06   68.8   69.0    7.2   12.0    6.0    5.0    6.0    9.2    8.9
2008  6  1 153  0.00  250.0  -25.0  125.0  5.551E+08  1.140E+08  6.540E+06 2.058E-14  666.2   670  1.183E+07  1.972E+04  6.956E+05  4.300E+06   68.8   69.0    7.2   12.0    6.0    5.0    6.0    9.2    8.9
2008  6  1 153  0.00  255.0  -25.0  125.0  4.867E+08  9.061E+07  5.030E+06 1.758E-14  666.7   670  1.145E+07  1.421E+04  6.863E+05  3.855E+06   68.8   69.0    7.2   12.0    6.0    5.0    6.0    9.2    8.9
2008  6  1 153  0.00  260.0  -25.0  125.0  4.269E+08  7.206E+07  3.872E+06 1.506E-14  667.2   670  1.109E+07  1.025E+04  6.778E+05  3.453E+06   68.8   69.0    7.2   12.0    6.0    5.0    6.0    9.2    8.9
2008  6  1 153  0.00  265.0  -25.0  125.0  3.746E+08  5.735E+07  2.983E+06 1.292E-14  667.6   670  1.074E+07  7.400E+03  6.698E+05  3.092E+06   68.8   69.0    7.2   12.0    6.0    5.0    6.0    9.2    8.9
2008  6  1 153  0.00  270.0  -25.0  125.0  3.288E+08  4.566E+07  2.299E+06 1.112E-14  667.9   670  1.040E+07  5.347E+03  6.624E+05  2.767E+06   68.8   69.0    7.2   12.0    6.0    5.0    6.0    9.2    8.9
2008  6  1 153  0.00  275.0  -25.0  125.0  2.887E+08  3.638E+07  1.773E+06 9.583E-15  668.2   670  1.007E+07  3.867E+03  6.554E+05  2.475E+06   68.8   69.0    7.2   12.0    6.0    5.0    6.0    9.2    8.9
2008  6  1 153  0.00  280.0  -25.0  125.0  2.536E+08  2.899E+07  1.368E+06 8.277E-15  668.4   670  9.751E+06  2.798E+03  6.487E+05  2.213E+06   68.8   69.0    7.2   12.0    6.0    5.0    6.0    9.2    8.9
2008  6  1 153  0.00  285.0  -25.0  125.0  2.228E+08  2.312E+07  1.057E+06 7.161E-15  668.6   670  9.443E+06  2.026E+03  6.424E+05  1.979E+06   68.8   69.0    7.2   12.0    6.0    5.0    6.0    9.2    8.9
2008  6  1 153  0.00  290.0  -25.0  125.0  1.958E+08  1.844E+07  8.162E+05 6.207E-15  668.7   670  9.145E+06  1.468E+03  6.363E+05  1.770E+06   68.8   69.0    7.2   12.0    6.0    5.0    6.0    9.2    8.9
2008  6  1 153  0.00  295.0  -25.0  125.0  1.721E+08  1.472E+07  6.309E+05 5.389E-15  668.9   670  8.857E+06  1.064E+03  6.304E+05  1.582E+06   68.8   69.0    7.2   12.0    6.0    5.0    6.0    9.2    8.9
2008  6  1 153  0.00  300.0  -25.0  125.0  1.514E+08  1.175E+07  4.878E+05 4.685E-15  669.0   670  8.577E+06  7.722E+02  6.247E+05  1.415E+06   68.8   69.0    7.2   12.0    6.0    5.0    6.0    9.2    8.9
2008  6  1 153  0.00  305.0  -25.0  125.0  1.331E+08  9.388E+06  3.774E+05 4.079E-15  669.1   670  8.307E+06  5.605E+02  6.192E+05  1.265E+06   68.8   69.0    7.2   12.0    6.0    5.0    6.0    9.2    8.9
2008  6  1 153  0.00  310.0  -25.0  125.0  1.171E+08  7.501E+06  2.921E+05 3.557E-15  669.1   670  8.046E+06  4.071E+02  6.138E+05  1.131E+06   68.8   69.0    7.2   12.0    6.0    5.0    6.0    9.2    8.9
2008  6  1 153  0.00  315.0  -25.0  125.0  1.031E+08  5.996E+06  2.262E+05 3.105E-15  669.2   670  7.794E+06  2.958E+02  6.086E+05  1.012E+06   68.8   69.0    7.2   12.0    6.0    5.0    6.0    9.2    8.9
2008  6  1 153  0.00  320.0  -25.0  125.0  9.070E+07  4.795E+06  1.752E+05 2.714E-15  669.3   670  7.549E+06  2.150E+02  6.035E+05  9.051E+05   68.8   69.0    7.2   12.0    6.0    5.0    6.0    9.2    8.9
2008  6  1 153  0.00  325.0  -25.0  125.0  7.984E+07  3.836E+06  1.358E+05 2.375E-15  669.3   670  7.313E+06  1.564E+02  5.984E+05  8.097E+05   68.8   69.0    7.2   12.0    6.0    5.0    6.0    9.2    8.9
2008  6  1 153  0.00  330.0  -25.0  125.0  7.030E+07  3.070E+06  1.053E+05 2.081E-15  669.4   670  7.084E+06  1.138E+02  5.935E+05  7.245E+05   68.8   69.0    7.2   12.0    6.0    5.0    6.0    9.2    8.9
2008  6  1 153  0.00  335.0  -25.0  125.0  6.191E+07  2.457E+06  8.164E+04 1.825E-15  669.4   670  6.863E+06  8.289E+01  5.886E+05  6.483E+05   68.8   69.0    7.2   12.0    6.0    5.0    6.0    9.2    8.9
2008  6  1 153  0.00  340.0  -25.0  125.0  5.453E+07  1.968E+06  6.334E+04 1.602E-15  669.4   670  6.649E+06  6.039E+01  5.838E+05  5.802E+05   68.8   69.0    7.2   12.0    6.0    5.0    6.0    9.2    8.9
2008  6  1 153  0.00  345.0  -25.0  125.0  4.804E+07  1.576E+06  4.917E+04 1.408E-15  669.4   670  6.441E+06  4.402E+01  5.791E+05  5.193E+05   68.8   69.0    7.2   12.0    6.0    5.0    6.0    9.2    8.9
2008  6  1 153  0.00  350.0  -25.0  125.0  4.233E+07  1.263E+06  3.818E+04 1.239E-15  669.5   670  6.241E+06  3.210E+01  5.744E+05  4.649E+05   68.8   69.0    7.2   12.0    6.0    5.0    6.0    9.2    8.9
2008  6  1 153  0.00  355.0  -25.0  125.0  3.731E+07  1.013E+06  2.966E+04 1.091E-15  669.5   670  6.047E+06  2.342E+01  5.698E+05  4.163E+05   68.8   69.0    7.2   12.0    6.0    5.0    6.0    9.2    8.9
2008  6  1 153  0.00  360.0  -25.0  125.0  3.289E+07  8.121E+05  2.305E+04 9.614E-16  669.5   670  5.860E+06  1.709E+01  5.653E+05  3.728E+05   68.8   69.0    7.2   12.0    6.0    5.0    6.0    9.2    8.9
2008  6  1 153  0.00  365.0  -25.0  125.0  2.900E+07  6.515E+05  1.792E+04 8.481E-16  669.5   670  5.678E+06  1.248E+01  5.608E+05  3.339E+05   68.8   69.0    7.2   12.0    6.0    5.0    6.0    9.2    8.9
2008  6  1 153  0.00  370.0  -25.0  125.0  2.557E+07  5.228E+05  1.393E+04 7.490E-16  669.5   670  5.503E+06  9.120E+00  5.564E+05  2.991E+05   68.8   69.0    7.2   12.0    6.0    5.0    6.0    9.2    8.9
2008  6  1 153  0.00  375.0  -25.0  125.0  2.256E+07  4.196E+05  1.084E+04 6.620E-16  669.5   670  5.333E+06  6.667E+00  5.520E+05  2.680E+05   68.8   69.0    7.2   12.0    6.0    5.0    6.0    9.2    8.9
2008  6  1 153  0.00  380.0  -25.0  125.0  1.990E+07  3.370E+05  8.438E+03 5.857E-16  669.5   670  5.168E+06  4.876E+00  5.477E+05  2.402E+05   68.8   69.0    7.2   12.0    6.0    5.0    6.0    9.2    8.9
2008  6  1 153  0.00  385.0  -25.0  125.0  1.756E+07  2.707E+05  6.570E+03 5.187E-16  669.5   670  5.009E+06  3.567E+00  5.434E+05  2.152E+05   68.8   69.0    7.2   12.0    6.0    5.0    6.0    9.2    8.9
2008  6  1 153  0.00  390.0  -25.0  125.0  1.550E+07  2.175E+05  5.117E+03 4.598E-16  669.5   670  4.855E+06  2.611E+00  5.391E+05  1.929E+05   68.8   69.0    7.2   12.0    6.0    5.0    6.0    9.2    8.9
2008  6  1 153  0.00  395.0  -25.0  125.0  1.368E+07  1.748E+05  3.987E+03 4.080E-16  669.5   670  4.706E+06  1.912E+00  5.349E+05  1.730E+05   68.8   69.0    7.2   12.0    6.0    5.0    6.0    9.2    8.9
2008  6  1 153  0.00  400.0  -25.0  125.0  1.208E+07  1.406E+05  3.108E+03 3.624E-16  669.5   670  4.562E+06  1.401E+00  5.308E+05  1.551E+05   68.8   69.0    7.2   12.0    6.0    5.0    6.0    9.2    8.9
2008  6  1 153  0.00  405.0  -25.0  125.0  1.067E+07  1.130E+05  2.423E+03 3.222E-16  669.5   670  4.422E+06  1.027E+00  5.266E+05  1.391E+05   68.8   69.0    7.2   12.0    6.0    5.0    6.0    9.2    8.9
2008  6  1 153  0.00  410.0  -25.0  125.0  9.419E+06  9.095E+04  1.890E+03 2.869E-16  669.6   670  4.287E+06  7.533E-01  5.226E+05  1.248E+05   68.8   69.0    7.2   12.0    6.0    5.0    6.0    9.2    8.9
2008  6  1 153  0.00  415.0  -25.0  125.0  8.321E+06  7.320E+04  1.475E+03 2.557E-16  669.6   670  4.156E+06  5.527E-01  5.185E+05  1.119E+05   68.8   69.0    7.2   12.0    6.0    5.0    6.0    9.2    8.9
2008  6  1 153  0.00  420.0  -25.0  125.0  7.352E+06  5.893E+04  1.152E+03 2.281E-16  669.6   670  4.029E+06  4.057E-01  5.145E+05  1.004E+05   68.8   69.0    7.2   12.0    6.0    5.0    6.0    9.2    8.9
2008  6  1 153  0.00  425.0  -25.0  125.0  6.497E+06  4.746E+04  8.993E+02 2.038E-16  669.6   670  3.907E+06  2.979E-01  5.105E+05  9.014E+04   68.8   69.0    7.2   12.0    6.0    5.0    6.0    9.2    8.9
2008  6  1 153  0.00  430.0  -25.0  125.0  5.742E+06  3.823E+04  7.025E+02 1.823E-16  669.6   670  3.788E+06  2.189E-01  5.066E+05  8.090E+04   68.8   69.0    7.2   12.0    6.0    5.0    6.0    9.2    8.9
2008  6  1 153  0.00  435.0  -25.0  125.0  5.076E+06  3.081E+04  5.490E+02 1.633E-16  669.6   670  3.673E+06  1.609E-01  5.027E+05  7.262E+04   68.8   69.0    7.2   12.0    6.0    5.0    6.0    9.2    8.9
2008  6  1 153  0.00  440.0  -25.0  125.0  4.488E+06  2.484E+04  4.292E+02 1.465E-16  669.6   670  3.562E+06  1.183E-01  4.989E+05  6.521E+04   68.8   69.0    7.2   12.0    6.0    5.0    6.0    9.2    8.9
2008  6  1 153  0.00  445.0  -25.0  125.0  3.969E+06  2.003E+04  3.357E+02 1.316E-16  669.6   670  3.454E+06  8.706E-02  4.950E+05  5.855E+04   68.8   69.0    7.2   12.0    6.0    5.0    6.0    9.2    8.9
2008  6  1 153  0.00  450.0  -25.0  125.0  3.511E+06  1.616E+04  2.626E+02 1.184E-16  669.6   670  3.349E+06  6.408E-02  4.913E+05  5.259E+04   68.8   69.0    7.2   12.0    6.0    5.0    6.0    9.2    8.9
2008  6  1 153  0.00  455.0  -25.0  125.0  3.106E+06  1.304E+04  2.055E+02 1.067E-16  669.6   670  3.248E+06  4.719E-02  4.875E+05  4.724E+04   68.8   69.0    7.2   12.0    6.0    5.0    6.0    9.2    8.9
2008  6  1 153  0.00  460.0  -25.0  125.0  2.748E+06  1.052E+04  1.609E+02 9.629E-17  669.6   670  3.150E+06  3.477E-02  4.838E+05  4.244E+04   68.8   69.0    7.2   12.0    6.0    5.0    6.0    9.2    8.9
2008  6  1 153  0.00  465.0  -25.0  125.0  2.432E+06  8.495E+03  1.260E+02 8.707E-17  669.6   670  3.056E+06  2.562E-02  4.801E+05  3.813E+04   68.8   69.0    7.2   12.0    6.0    5.0    6.0    9.2    8.9
2008  6  1 153  0.00  470.0  -25.0  125.0  2.153E+06  6.861E+03  9.873E+01 7.887E-17  669.6   670  2.964E+06  1.889E-02  4.765E+05  3.427E+04   68.8   69.0    7.2   12.0    6.0    5.0    6.0    9.2    8.9
2008  6  1 153  0.00  475.0  -25.0  125.0  1.906E+06  5.543E+03  7.738E+01 7.157E-17  669.6   670  2.875E+06  1.394E-02  4.728E+05  3.080E+04   68.8   69.0    7.2   12.0    6.0    5.0    6.0    9.2    8.9
2008  6  1 153  0.00  480.0  -25.0  125.0  1.687E+06  4.480E+03  6.067E+01 6.507E-17  669.6   670  2.789E+06  1.029E-02  4.693E+05  2.769E+04   68.8   69.0    7.2   12.0    6.0    5.0    6.0    9.2    8.9
2008  6  1 153  0.00  485.0  -25.0  125.0  1.494E+06  3.621E+03  4.758E+01 5.928E-17  669.6   670  2.705E+06  7.596E-03  4.657E+05  2.490E+04   68.8   69.0    7.2   12.0    6.0    5.0    6.0    9.2    8.9
2008  6  1 153  0.00  490.0  -25.0  125.0  1.324E+06  2.928E+03  3.733E+01 5.411E-17  669.6   670  2.625E+06  5.611E-03  4.622E+05  2.239E+04   68.8   69.0    7.2   12.0    6.0    5.0    6.0    9.2    8.9
2008  6  1 153  0.00  495.0  -25.0  125.0  1.173E+06  2.369E+03  2.930E+01 4.950E-17  669.6   670  2.546E+06  4.147E-03  4.587E+05  2.014E+04   68.8   69.0    7.2   12.0    6.0    5.0    6.0    9.2    8.9
2008  6  1 153  0.00  500.0  -25.0  125.0  1.039E+06  1.917E+03  2.301E+01 4.538E-17  669.6   670  2.470E+06  3.066E-03  4.552E+05  1.811E+04   68.8   69.0    7.2   12.0    6.0    5.0    6.0    9.2    8.9
2008  6  1 153  0.00  505.0  -25.0  125.0  9.209E+05  1.551E+03  1.807E+01 4.168E-17  669.6   670  2.397E+06  2.268E-03  4.518E+05  1.630E+04   68.8   69.0    7.2   12.0    6.0    5.0    6.0    9.2    8.9
2008  6  1 153  0.00  510.0  -25.0  125.0  8.163E+05  1.256E+03  1.420E+01 3.837E-17  669.6   670  2.326E+06  1.678E-03  4.484E+05  1.466E+04   68.8   69.0    7.2   12.0    6.0    5.0    6.0    9.2    8.9
2008  6  1 153  0.00  515.0  -25.0  125.0  7.237E+05  1.017E+03  1.116E+01 3.541E-17  669.6   670  2.257E+06  1.242E-03  4.451E+05  1.320E+04   68.8   69.0    7.2   12.0    6.0    5.0    6.0    9.2    8.9
2008  6  1 153  0.00  520.0  -25.0  125.0  6.417E+05  8.242E+02  8.774E+00 3.274E-17  669.6   670  2.190E+06  9.203E-04  4.417E+05  1.188E+04   68.8   69.0    7.2   12.0    6.0    5.0    6.0    9.2    8.9
2008  6  1 153  0.00  525.0  -25.0  125.0  5.691E+05  6.680E+02  6.901E+00 3.034E-17  669.6   670  2.125E+06  6.819E-04  4.384E+05  1.069E+04   68.8   69.0    7.2   12.0    6.0    5.0    6.0    9.2    8.9
2008  6  1 153  0.00  530.0  -25.0  125.0  5.048E+05  5.415E+02  5.430E+00 2.818E-17  669.6   670  2.062E+06  5.055E-04  4.352E+05  9.628E+03   68.8   69.0    7.2   12.0    6.0    5.0    6.0    9.2    8.9
2008  6  1 153  0.00  535.0  -25.0  125.0  4.478E+05  4.391E+02  4.273E+00 2.623E-17  669.6   670  2.002E+06  3.749E-04  4.319E+05  8.670E+03   68.8   69.0    7.2   12.0    6.0    5.0    6.0    9.2    8.9
2008  6  1 153  0.00  540.0  -25.0  125.0  3.974E+05  3.562E+02  3.365E+00 2.447E-17  669.6   670  1.943E+06  2.782E-04  4.287E+05  7.808E+03   68.8   69.0    7.2   12.0    6.0    5.0    6.0    9.2    8.9
2008  6  1 153  0.00  545.0  -25.0  125.0  3.527E+05  2.890E+02  2.650E+00 2.288E-17  669.6   670  1.886E+06  2.065E-04  4.255E+05  7.034E+03   68.8   69.0    7.2   12.0    6.0    5.0    6.0    9.2    8.9
2008  6  1 153  0.00  550.0  -25.0  125.0  3.131E+05  2.346E+02  2.088E+00 2.143E-17  669.6   670  1.830E+06  1.533E-04  4.224E+05  6.337E+03   68.8   69.0    7.2   12.0    6.0    5.0    6.0    9.2    8.9
2008  6  1 153  0.00  555.0  -25.0  125.0  2.779E+05  1.904E+02  1.646E+00 2.012E-17  669.6   670  1.777E+06  1.139E-04  4.192E+05  5.710E+03   68.8   69.0    7.2   12.0    6.0    5.0    6.0    9.2    8.9
2008  6  1 153  0.00  560.0  -25.0  125.0  2.468E+05  1.547E+02  1.298E+00 1.893E-17  669.6   670  1.725E+06  8.466E-05  4.161E+05  5.146E+03   68.8   69.0    7.2   12.0    6.0    5.0    6.0    9.2    8.9
2008  6  1 153  0.00  565.0  -25.0  125.0  2.192E+05  1.256E+02  1.023E+00 1.784E-17  669.6   670  1.674E+06  6.295E-05  4.130E+05  4.638E+03   68.8   69.0    7.2   12.0    6.0    5.0    6.0    9.2    8.9
2008  6  1 153  0.00  570.0  -25.0  125.0  1.947E+05  1.021E+02  8.075E-01 1.685E-17  669.6   670  1.625E+06  4.683E-05  4.100E+05  4.181E+03   68.8   69.0    7.2   12.0    6.0    5.0    6.0    9.2    8.9
2008  6  1 153  0.00  575.0  -25.0  125.0  1.730E+05  8.300E+01  6.373E-01 1.594E-17  669.6   670  1.578E+06  3.485E-05  4.070E+05  3.769E+03   68.8   69.0    7.2   12.0    6.0    5.0    6.0    9.2    8.9
2008  6  1 153  0.00  580.0  -25.0  125.0  1.537E+05  6.749E+01  5.032E-01 1.511E-17  669.6   670  1.532E+06  2.595E-05  4.040E+05  3.399E+03   68.8   69.0    7.2   12.0    6.0    5.0    6.0    9.2    8.9
2008  6  1 153  0.00  585.0  -25.0  125.0  1.366E+05  5.489E+01  3.974E-01 1.435E-17  669.6   670  1.487E+06  1.933E-05  4.010E+05  3.065E+03   68.8   69.0    7.2   12.0    6.0    5.0    6.0    9.2    8.9
2008  6  1 153  0.00  590.0  -25.0  125.0  1.214E+05  4.466E+01  3.140E-01 1.364E-17  669.6   670  1.444E+06  1.440E-05  3.981E+05  2.765E+03   68.8   69.0    7.2   12.0    6.0    5.0    6.0    9.2    8.9
2008  6  1 153  0.00  595.0  -25.0  125.0  1.079E+05  3.635E+01  2.482E-01 1.299E-17  669.6   670  1.402E+06  1.074E-05  3.952E+05  2.494E+03   68.8   69.0    7.2   12.0    6.0    5.0    6.0    9.2    8.9
2008  6  1 153  0.00  600.0  -25.0  125.0  9.596E+04  2.959E+01  1.962E-01 1.240E-17  669.6   670  1.362E+06  8.006E-06  3.923E+05  2.251E+03   68.8   69.0    7.2   12.0    6.0    5.0    6.0    9.2    8.9
2008  6  1 153  0.00  605.0  -25.0  125.0  8.534E+04  2.410E+01  1.552E-01 1.184E-17  669.6   670  1.322E+06  5.973E-06  3.894E+05  2.031E+03   68.8   69.0    7.2   12.0    6.0    5.0    6.0    9.2    8.9
2008  6  1 153  0.00  610.0  -25.0  125.0  7.590E+04  1.963E+01  1.228E-01 1.133E-17  669.6   670  1.284E+06  4.459E-06  3.866E+05  1.833E+03   68.8   69.0    7.2   12.0    6.0    5.0    6.0    9.2    8.9
2008  6  1 153  0.00  615.0  -25.0  125.0  6.753E+04  1.599E+01  9.715E-02 1.085E-17  669.6   670  1.247E+06  3.329E-06  3.837E+05  1.655E+03   68.8   69.0    7.2   12.0    6.0    5.0    6.0    9.2    8.9
2008  6  1 153  0.00  620.0  -25.0  125.0  6.008E+04  1.303E+01  7.691E-02 1.040E-17  669.6   670  1.211E+06  2.487E-06  3.810E+05  1.494E+03   68.8   69.0    7.2   12.0    6.0    5.0    6.0    9.2    8.9
2008  6  1 153  0.00  625.0  -25.0  125.0  5.347E+04  1.063E+01  6.091E-02 9.986E-18  669.6   670  1.177E+06  1.859E-06  3.782E+05  1.349E+03   68.8   69.0    7.2   12.0    6.0    5.0    6.0    9.2    8.9
2008  6  1 153  0.00  630.0  -25.0  125.0  4.759E+04  8.667E+00  4.825E-02 9.597E-18  669.6   670  1.143E+06  1.390E-06  3.754E+05  1.218E+03   68.8   69.0    7.2   12.0    6.0    5.0    6.0    9.2    8.9
2008  6  1 153  0.00  635.0  -25.0  125.0  4.236E+04  7.070E+00  3.824E-02 9.232E-18  669.6   670  1.110E+06  1.040E-06  3.727E+05  1.100E+03   68.8   69.0    7.2   12.0    6.0    5.0    6.0    9.2    8.9
2008  6  1 153  0.00  640.0  -25.0  125.0  3.772E+04  5.769E+00  3.031E-02 8.889E-18  669.6   670  1.078E+06  7.779E-07  3.700E+05  9.938E+02   68.8   69.0    7.2   12.0    6.0    5.0    6.0    9.2    8.9
2008  6  1 153  0.00  645.0  -25.0  125.0  3.359E+04  4.709E+00  2.404E-02 8.567E-18  669.6   670  1.047E+06  5.823E-07  3.674E+05  8.978E+02   68.8   69.0    7.2   12.0    6.0    5.0    6.0    9.2    8.9
2008  6  1 153  0.00  650.0  -25.0  125.0  2.992E+04  3.845E+00  1.907E-02 8.263E-18  669.6   670  1.018E+06  4.361E-07  3.647E+05  8.113E+02   68.8   69.0    7.2   12.0    6.0    5.0    6.0    9.2    8.9
2008  6  1 153  0.00  655.0  -25.0  125.0  2.665E+04  3.140E+00  1.513E-02 7.977E-18  669.6   670  9.886E+05  3.267E-07  3.621E+05  7.332E+02   68.8   69.0    7.2   12.0    6.0    5.0    6.0    9.2    8.9
2008  6  1 153  0.00  660.0  -25.0  125.0  2.374E+04  2.565E+00  1.201E-02 7.705E-18  669.6   670  9.605E+05  2.449E-07  3.595E+05  6.627E+02   68.8   69.0    7.2   12.0    6.0    5.0    6.0    9.2    8.9
2008  6  1 153  0.00  665.0  -25.0  125.0  2.116E+04  2.096E+00  9.538E-03 7.449E-18  669.6   670  9.332E+05  1.836E-07  3.569E+05  5.990E+02   68.8   69.0    7.2   12.0    6.0    5.0    6.0    9.2    8.9
2008  6  1 153  0.00  670.0  -25.0  125.0  1.886E+04  1.714E+00  7.576E-03 7.205E-18  669.6   670  9.067E+05  1.378E-07  3.543E+05  5.416E+02   68.8   69.0    7.2   12.0    6.0    5.0    6.0    9.2    8.9
2008  6  1 153  0.00  675.0  -25.0  125.0  1.681E+04  1.401E+00  6.020E-03 6.973E-18  669.6   670  8.810E+05  1.034E-07  3.518E+05  4.897E+02   68.8   69.0    7.2   12.0    6.0    5.0    6.0    9.2    8.9
2008  6  1 153  0.00  680.0  -25.0  125.0  1.499E+04  1.146E+00  4.785E-03 6.753E-18  669.6   670  8.561E+05  7.761E-08  3.493E+05  4.429E+02   68.8   69.0    7.2   12.0    6.0    5.0    6.0    9.2    8.9
2008  6  1 153  0.00  685.0  -25.0  125.0  1.336E+04  9.376E-01  3.804E-03 6.542E-18  669.6   670  8.319E+05  5.829E-08  3.468E+05  4.006E+02   68.8   69.0    7.2   12.0    6.0    5.0    6.0    9.2    8.9
2008  6  1 153  0.00  690.0  -25.0  125.0  1.192E+04  7.673E-01  3.026E-03 6.342E-18  669.6   670  8.084E+05  4.380E-08  3.443E+05  3.624E+02   68.8   69.0    7.2   12.0    6.0    5.0    6.0    9.2    8.9
2008  6  1 153  0.00  695.0  -25.0  125.0  1.063E+04  6.281E-01  2.407E-03 6.150E-18  669.6   670  7.856E+05  3.292E-08  3.419E+05  3.279E+02   68.8   69.0    7.2   12.0    6.0    5.0    6.0    9.2    8.9
2008  6  1 153  0.00  700.0  -25.0  125.0  9.483E+03  5.143E-01  1.916E-03 5.967E-18  669.6   670  7.635E+05  2.476E-08  3.394E+05  2.967E+02   68.8   69.0    7.2   12.0    6.0    5.0    6.0    9.2    8.9
2008  6  1 153  0.00  705.0  -25.0  125.0  8.461E+03  4.212E-01  1.525E-03 5.792E-18  669.6   670  7.421E+05  1.863E-08  3.370E+05  2.685E+02   68.8   69.0    7.2   12.0    6.0    5.0    6.0    9.2    8.9
2008  6  1 153  0.00  710.0  -25.0  125.0  7.551E+03  3.451E-01  1.215E-03 5.624E-18  669.6   670  7.213E+05  1.402E-08  3.346E+05  2.431E+02   68.8   69.0    7.2   12.0    6.0    5.0    6.0    9.2    8.9
2008  6  1 153  0.00  715.0  -25.0  125.0  6.740E+03  2.828E-01  9.678E-04 5.462E-18  669.6   670  7.011E+05  1.055E-08  3.323E+05  2.200E+02   68.8   69.0    7.2   12.0    6.0    5.0    6.0    9.2    8.9
2008  6  1 153  0.00  720.0  -25.0  125.0  6.016E+03  2.319E-01  7.712E-04 5.307E-18  669.6   670  6.814E+05  7.949E-09  3.299E+05  1.992E+02   68.8   69.0    7.2   12.0    6.0    5.0    6.0    9.2    8.9
2008  6  1 153  0.00  725.0  -25.0  125.0  5.372E+03  1.901E-01  6.148E-04 5.158E-18  669.6   670  6.624E+05  5.990E-09  3.276E+05  1.804E+02   68.8   69.0    7.2   12.0    6.0    5.0    6.0    9.2    8.9
2008  6  1 153  0.00  730.0  -25.0  125.0  4.797E+03  1.559E-01  4.903E-04 5.015E-18  669.6   670  6.439E+05  4.515E-09  3.253E+05  1.634E+02   68.8   69.0    7.2   12.0    6.0    5.0    6.0    9.2    8.9
2008  6  1 153  0.00  735.0  -25.0  125.0  4.284E+03  1.279E-01  3.911E-04 4.877E-18  669.6   670  6.260E+05  3.405E-09  3.230E+05  1.480E+02   68.8   69.0    7.2   12.0    6.0    5.0    6.0    9.2    8.9
2008  6  1 153  0.00  740.0  -25.0  125.0  3.827E+03  1.050E-01  3.120E-04 4.744E-18  669.6   670  6.086E+05  2.569E-09  3.207E+05  1.341E+02   68.8   69.0    7.2   12.0    6.0    5.0    6.0    9.2    8.9
2008  6  1 153  0.00  745.0  -25.0  125.0  3.419E+03  8.620E-02  2.491E-04 4.615E-18  669.6   670  5.917E+05  1.939E-09  3.185E+05  1.215E+02   68.8   69.0    7.2   12.0    6.0    5.0    6.0    9.2    8.9
