2008 12  1 336  0.00    0.0  -25.0  125.0  9.999E-38  1.925E+19  5.162E+18 1.185E-03  294.6   692  1.282E+14  2.301E+17  9.999E-38  9.999E-38   66.5   67.1    0.0    0.0    0.0    0.0    0.0    1.2    2.8
2008 12  1 336  0.00    5.0  -25.0  125.0  9.999E-38  1.150E+19  3.085E+18 7.081E-04  269.7   692  7.660E+13  1.375E+17  9.999E-38  9.999E-38   66.5   67.1    0.0    0.0    0.0    0.0    0.0    1.2    2.8
2008 12  1 336  0.00   10.0  -25.0  125.0  9.999E-38  6.703E+18  1.797E+18 4.126E-04  236.7   692  4.464E+13  8.011E+16  9.999E-38  9.999E-38   66.5   67.1    0.0    0.0    0.0    0.0    0.0    1.2    2.8
2008 12  1 336  0.00   15.0  -25.0  125.0  9.999E-38  3.556E+18  9.536E+17 2.189E-04  205.0   692  2.368E+13  4.250E+16  9.999E-38  9.999E-38   66.5   67.1    0.0    0.0    0.0    0.0    0.0    1.2    2.8
2008 12  1 336  0.00   20.0  -25.0  125.0  9.999E-38  1.538E+18  4.125E+17 9.470E-05  205.7   692  1.024E+13  1.838E+16  9.999E-38  9.999E-38   66.5   67.1    0.0    0.0    0.0    0.0    0.0    1.2    2.8
2008 12  1 336  0.00   25.0  -25.0  125.0  9.999E-38  6.509E+17  1.745E+17 4.007E-05  218.8   692  4.335E+12  7.779E+15  9.999E-38  9.999E-38   66.5   67.1    0.0    0.0    0.0    0.0    0.0    1.2    2.8
2008 12  1 336  0.00   30.0  -25.0  125.0  9.999E-38  2.938E+17  7.880E+16 1.809E-05  227.2   692  1.957E+12  3.512E+15  9.999E-38  9.999E-38   66.5   67.1    0.0    0.0    0.0    0.0    0.0    1.2    2.8
2008 12  1 336  0.00   35.0  -25.0  125.0  9.999E-38  1.353E+17  3.627E+16 8.327E-06  239.0   692  9.008E+11  1.617E+15  9.999E-38  9.999E-38   66.5   67.1    0.0    0.0    0.0    0.0    0.0    1.2    2.8
2008 12  1 336  0.00   40.0  -25.0  125.0  9.999E-38  6.472E+16  1.736E+16 3.984E-06  251.1   692  4.310E+11  7.735E+14  9.999E-38  9.999E-38   66.5   67.1    0.0    0.0    0.0    0.0    0.0    1.2    2.8
2008 12  1 336  0.00   45.0  -25.0  125.0  9.999E-38  3.205E+16  8.595E+15 1.973E-06  263.9   692  2.135E+11  3.831E+14  9.999E-38  9.999E-38   66.5   67.1    0.0    0.0    0.0    0.0    0.0    1.2    2.8
2008 12  1 336  0.00   50.0  -25.0  125.0  9.999E-38  1.695E+16  4.545E+15 1.043E-06  265.3   692  1.129E+11  2.025E+14  9.999E-38  9.999E-38   66.5   67.1    0.0    0.0    0.0    0.0    0.0    1.2    2.8
2008 12  1 336  0.00   55.0  -25.0  125.0  4.781E+07  9.271E+15  2.486E+15 5.707E-07  254.8   692  6.174E+10  1.108E+14  9.999E-38  9.999E-38   66.5   67.1    0.0    0.0    0.0    0.0    0.0    1.2    2.8
2008 12  1 336  0.00   60.0  -25.0  125.0  4.027E+07  4.973E+15  1.334E+15 3.061E-07  242.1   692  3.312E+10  5.944E+13  9.999E-38  9.999E-38   66.5   67.1    0.0    0.0    0.0    0.0    0.0    1.2    2.8
2008 12  1 336  0.00   65.0  -25.0  125.0  4.684E+07  2.612E+15  7.004E+14 1.608E-07  225.6   692  1.739E+10  3.122E+13  9.999E-38  9.999E-38   66.5   67.1    0.0    0.0    0.0    0.0    0.0    1.2    2.8
2008 12  1 336  0.00   70.0  -25.0  125.0  8.770E+07  1.299E+15  3.484E+14 7.998E-08  210.6   692  8.652E+09  1.553E+13  9.999E-38  9.999E-38   66.5   67.1    0.0    0.0    0.0    0.0    0.0    1.2    2.8
2008 12  1 336  0.00   75.0  -25.0  125.0  2.088E+08  6.035E+14  1.618E+14 3.715E-08  201.4   692  4.019E+09  7.213E+12  9.999E-38  9.999E-38   66.5   67.1    0.0    0.0    0.0    0.0    0.0    1.2    2.8
2008 12  1 336  0.00   80.0  -25.0  125.0  1.735E+09  2.684E+14  7.198E+13 1.653E-08  195.7   692  1.812E+09  3.208E+12  1.612E+08  9.999E-38   66.5   67.1    0.0    0.0    0.0    0.0    0.0    1.2    2.8
2008 12  1 336  0.00   85.0  -25.0  125.0  8.837E+10  1.161E+14  3.110E+13 7.146E-09  191.8   692  8.271E+08  1.386E+12  2.199E+08  9.999E-38   66.5   67.1    0.0    0.0    0.0    0.0    0.0    1.2    2.8
2008 12  1 336  0.00   90.0  -25.0  125.0  4.345E+11  4.862E+13  1.292E+13 2.997E-09  194.5   692  3.890E+08  5.723E+11  1.331E+08  9.999E-38   66.5   67.1    0.0    0.0    0.0    0.0    0.0    1.2    2.8
2008 12  1 336  0.00   95.0  -25.0  125.0  7.423E+11  2.107E+13  5.461E+12 1.306E-09  194.9   692  2.114E+08  2.370E+11  7.983E+07  3.902E+04   66.5   67.1    0.0    0.0    0.0    0.0    0.0    1.2    2.8
2008 12  1 336  0.00  100.0  -25.0  125.0  5.691E+11  9.387E+12  2.318E+12 5.813E-10  187.0   692  1.337E+08  9.518E+10  5.190E+07  8.133E+04   66.5   67.1    0.0    0.0    0.0    0.0    0.0    1.2    2.8
2008 12  1 336  0.00  105.0  -25.0  125.0  2.636E+11  3.901E+12  8.905E+11 2.380E-10  189.0   692  8.973E+07  3.293E+10  3.367E+07  1.510E+05   66.5   67.1    0.0    0.0    0.0    0.0    0.0    1.2    2.8
2008 12  1 336  0.00  110.0  -25.0  125.0  1.368E+11  1.525E+12  3.162E+11 9.207E-11  216.4   692  6.045E+07  1.033E+10  2.105E+07  2.504E+05   66.5   67.1    0.0    0.0    0.0    0.0    0.0    1.2    2.8
2008 12  1 336  0.00  115.0  -25.0  125.0  7.754E+10  6.299E+11  1.183E+11 3.787E-11  268.7   692  4.036E+07  3.430E+09  1.281E+07  3.950E+05   66.5   67.1    0.0    0.0    0.0    0.0    0.0    1.2    2.8
2008 12  1 336  0.00  120.0  -25.0  125.0  4.793E+10  2.973E+11  5.085E+10 1.789E-11  334.0   692  2.836E+07  1.323E+09  8.182E+06  6.216E+05   66.5   67.1    0.0    0.0    0.0    0.0    0.0    1.2    2.8
2008 12  1 336  0.00  125.0  -25.0  125.0  3.231E+10  1.603E+11  2.517E+10 9.695E-12  401.3   692  2.107E+07  5.929E+08  5.592E+06  9.738E+05   66.5   67.1    0.0    0.0    0.0    0.0    0.0    1.2    2.8
2008 12  1 336  0.00  130.0  -25.0  125.0  2.350E+10  9.704E+10  1.410E+10 5.908E-12  458.4   692  1.669E+07  3.041E+08  4.091E+06  1.503E+06   66.5   67.1    0.0    0.0    0.0    0.0    0.0    1.2    2.8
2008 12  1 336  0.00  135.0  -25.0  125.0  1.800E+10  6.349E+10  8.589E+09 3.899E-12  504.2   692  1.386E+07  1.707E+08  3.154E+06  2.246E+06   66.5   67.1    0.0    0.0    0.0    0.0    0.0    1.2    2.8
2008 12  1 336  0.00  140.0  -25.0  125.0  1.427E+10  4.374E+10  5.532E+09 2.715E-12  541.0   692  1.188E+07  1.018E+08  2.523E+06  3.226E+06   66.5   67.1    0.0    0.0    0.0    0.0    0.0    1.2    2.8
2008 12  1 336  0.00  145.0  -25.0  125.0  1.161E+10  3.123E+10  3.710E+09 1.963E-12  570.5   692  1.042E+07  6.330E+07  2.076E+06  4.444E+06   66.5   67.1    0.0    0.0    0.0    0.0    0.0    1.2    2.8
2008 12  1 336  0.00  150.0  -25.0  125.0  9.615E+09  2.288E+10  2.563E+09 1.459E-12  594.2   692  9.289E+06  4.069E+07  1.745E+06  5.854E+06   66.5   67.1    0.0    0.0    0.0    0.0    0.0    1.2    2.8
2008 12  1 336  0.00  155.0  -25.0  125.0  8.060E+09  1.709E+10  1.811E+09 1.107E-12  613.3   692  8.395E+06  2.682E+07  1.495E+06  7.372E+06   66.5   67.1    0.0    0.0    0.0    0.0    0.0    1.2    2.8
2008 12  1 336  0.00  160.0  -25.0  125.0  6.823E+09  1.295E+10  1.303E+09 8.543E-13  628.6   692  7.668E+06  1.802E+07  1.302E+06  8.890E+06   66.5   67.1    0.0    0.0    0.0    0.0    0.0    1.2    2.8
2008 12  1 336  0.00  165.0  -25.0  125.0  5.820E+09  9.922E+09  9.504E+08 6.678E-13  640.9   692  7.065E+06  1.230E+07  1.151E+06  1.029E+07   66.5   67.1    0.0    0.0    0.0    0.0    0.0    1.2    2.8
2008 12  1 336  0.00  170.0  -25.0  125.0  4.995E+09  7.669E+09  7.011E+08 5.276E-13  650.8   692  6.559E+06  8.492E+06  1.032E+06  1.146E+07   66.5   67.1    0.0    0.0    0.0    0.0    0.0    1.2    2.8
2008 12  1 336  0.00  175.0  -25.0  125.0  4.309E+09  5.967E+09  5.220E+08 4.205E-13  658.8   692  6.127E+06  5.923E+06  9.361E+05  1.232E+07   66.5   67.1    0.0    0.0    0.0    0.0    0.0    1.2    2.8
2008 12  1 336  0.00  180.0  -25.0  125.0  3.731E+09  4.669E+09  3.916E+08 3.377E-13  665.2   692  5.755E+06  4.164E+06  8.593E+05  1.285E+07   66.5   67.1    0.0    0.0    0.0    0.0    0.0    1.2    2.8
2008 12  1 336  0.00  185.0  -25.0  125.0  3.241E+09  3.669E+09  2.956E+08 2.730E-13  670.4   692  5.431E+06  2.946E+06  7.970E+05  1.305E+07   66.5   67.1    0.0    0.0    0.0    0.0    0.0    1.2    2.8
2008 12  1 336  0.00  190.0  -25.0  125.0  2.823E+09  2.893E+09  2.242E+08 2.220E-13  674.5   692  5.146E+06  2.096E+06  7.462E+05  1.294E+07   66.5   67.1    0.0    0.0    0.0    0.0    0.0    1.2    2.8
2008 12  1 336  0.00  195.0  -25.0  125.0  2.464E+09  2.288E+09  1.708E+08 1.814E-13  677.9   692  4.893E+06  1.497E+06  7.045E+05  1.259E+07   66.5   67.1    0.0    0.0    0.0    0.0    0.0    1.2    2.8
2008 12  1 336  0.00  200.0  -25.0  125.0  2.154E+09  1.814E+09  1.306E+08 1.489E-13  680.6   692  4.666E+06  1.074E+06  6.700E+05  1.205E+07   66.5   67.1    0.0    0.0    0.0    0.0    0.0    1.2    2.8
2008 12  1 336  0.00  205.0  -25.0  125.0  1.886E+09  1.441E+09  1.001E+08 1.228E-13  682.7   692  4.462E+06  7.723E+05  6.414E+05  1.139E+07   66.5   67.1    0.0    0.0    0.0    0.0    0.0    1.2    2.8
2008 12  1 336  0.00  210.0  -25.0  125.0  1.653E+09  1.146E+09  7.692E+07 1.016E-13  684.5   692  4.275E+06  5.569E+05  6.174E+05  1.064E+07   66.5   67.1    0.0    0.0    0.0    0.0    0.0    1.2    2.8
2008 12  1 336  0.00  215.0  -25.0  125.0  1.450E+09  9.129E+08  5.922E+07 8.443E-14  685.9   692  4.104E+06  4.024E+05  5.971E+05  9.858E+06   66.5   67.1    0.0    0.0    0.0    0.0    0.0    1.2    2.8
2008 12  1 336  0.00  220.0  -25.0  125.0  1.274E+09  7.281E+08  4.567E+07 7.039E-14  687.0   692  3.945E+06  2.913E+05  5.799E+05  9.070E+06   66.5   67.1    0.0    0.0    0.0    0.0    0.0    1.2    2.8
2008 12  1 336  0.00  225.0  -25.0  125.0  1.119E+09  5.812E+08  3.527E+07 5.888E-14  688.0   692  3.798E+06  2.112E+05  5.651E+05  8.298E+06   66.5   67.1    0.0    0.0    0.0    0.0    0.0    1.2    2.8
2008 12  1 336  0.00  230.0  -25.0  125.0  9.843E+08  4.644E+08  2.728E+07 4.942E-14  688.7   692  3.661E+06  1.533E+05  5.523E+05  7.558E+06   66.5   67.1    0.0    0.0    0.0    0.0    0.0    1.2    2.8
2008 12  1 336  0.00  235.0  -25.0  125.0  8.660E+08  3.714E+08  2.111E+07 4.160E-14  689.3   692  3.531E+06  1.114E+05  5.412E+05  6.861E+06   66.5   67.1    0.0    0.0    0.0    0.0    0.0    1.2    2.8
2008 12  1 336  0.00  240.0  -25.0  125.0  7.622E+08  2.972E+08  1.636E+07 3.512E-14  689.8   692  3.409E+06  8.106E+04  5.313E+05  6.210E+06   66.5   67.1    0.0    0.0    0.0    0.0    0.0    1.2    2.8
2008 12  1 336  0.00  245.0  -25.0  125.0  6.712E+08  2.379E+08  1.268E+07 2.973E-14  690.2   692  3.293E+06  5.903E+04  5.226E+05  5.610E+06   66.5   67.1    0.0    0.0    0.0    0.0    0.0    1.2    2.8
2008 12  1 336  0.00  250.0  -25.0  125.0  5.912E+08  1.906E+08  9.843E+06 2.524E-14  690.5   692  3.183E+06  4.302E+04  5.148E+05  5.058E+06   66.5   67.1    0.0    0.0    0.0    0.0    0.0    1.2    2.8
2008 12  1 336  0.00  255.0  -25.0  125.0  5.210E+08  1.528E+08  7.643E+06 2.148E-14  690.8   692  3.078E+06  3.138E+04  5.077E+05  4.556E+06   66.5   67.1    0.0    0.0    0.0    0.0    0.0    1.2    2.8
2008 12  1 336  0.00  260.0  -25.0  125.0  4.592E+08  1.225E+08  5.939E+06 1.833E-14  691.0   692  2.978E+06  2.291E+04  5.012E+05  4.099E+06   66.5   67.1    0.0    0.0    0.0    0.0    0.0    1.2    2.8
2008 12  1 336  0.00  265.0  -25.0  125.0  4.049E+08  9.830E+07  4.617E+06 1.568E-14  691.1   692  2.882E+06  1.673E+04  4.952E+05  3.685E+06   66.5   67.1    0.0    0.0    0.0    0.0    0.0    1.2    2.8
2008 12  1 336  0.00  270.0  -25.0  125.0  3.571E+08  7.890E+07  3.591E+06 1.344E-14  691.3   692  2.790E+06  1.223E+04  4.896E+05  3.311E+06   66.5   67.1    0.0    0.0    0.0    0.0    0.0    1.2    2.8
2008 12  1 336  0.00  275.0  -25.0  125.0  3.150E+08  6.335E+07  2.794E+06 1.155E-14  691.4   692  2.701E+06  8.941E+03  4.844E+05  2.974E+06   66.5   67.1    0.0    0.0    0.0    0.0    0.0    1.2    2.8
2008 12  1 336  0.00  280.0  -25.0  125.0  2.779E+08  5.089E+07  2.176E+06 9.948E-15  691.5   692  2.616E+06  6.542E+03  4.795E+05  2.670E+06   66.5   67.1    0.0    0.0    0.0    0.0    0.0    1.2    2.8
2008 12  1 336  0.00  285.0  -25.0  125.0  2.453E+08  4.089E+07  1.695E+06 8.583E-15  691.5   692  2.534E+06  4.789E+03  4.748E+05  2.397E+06   66.5   67.1    0.0    0.0    0.0    0.0    0.0    1.2    2.8
2008 12  1 336  0.00  290.0  -25.0  125.0  2.165E+08  3.287E+07  1.321E+06 7.419E-15  691.6   692  2.455E+06  3.508E+03  4.704E+05  2.152E+06   66.5   67.1    0.0    0.0    0.0    0.0    0.0    1.2    2.8
2008 12  1 336  0.00  295.0  -25.0  125.0  1.912E+08  2.644E+07  1.029E+06 6.425E-15  691.7   692  2.379E+06  2.571E+03  4.661E+05  1.931E+06   66.5   67.1    0.0    0.0    0.0    0.0    0.0    1.2    2.8
2008 12  1 336  0.00  300.0  -25.0  125.0  1.688E+08  2.127E+07  8.029E+05 5.574E-15  691.7   692  2.305E+06  1.885E+03  4.619E+05  1.734E+06   66.5   67.1    0.0    0.0    0.0    0.0    0.0    1.2    2.8
2008 12  1 336  0.00  305.0  -25.0  125.0  1.491E+08  1.711E+07  6.264E+05 4.843E-15  691.7   692  2.234E+06  1.383E+03  4.579E+05  1.556E+06   66.5   67.1    0.0    0.0    0.0    0.0    0.0    1.2    2.8
2008 12  1 336  0.00  310.0  -25.0  125.0  1.318E+08  1.378E+07  4.890E+05 4.215E-15  691.7   692  2.166E+06  1.015E+03  4.541E+05  1.397E+06   66.5   67.1    0.0    0.0    0.0    0.0    0.0    1.2    2.8
2008 12  1 336  0.00  315.0  -25.0  125.0  1.164E+08  1.109E+07  3.818E+05 3.673E-15  691.8   692  2.099E+06  7.453E+02  4.503E+05  1.254E+06   66.5   67.1    0.0    0.0    0.0    0.0    0.0    1.2    2.8
2008 12  1 336  0.00  320.0  -25.0  125.0  1.029E+08  8.937E+06  2.982E+05 3.206E-15  691.8   692  2.035E+06  5.475E+02  4.466E+05  1.126E+06   66.5   67.1    0.0    0.0    0.0    0.0    0.0    1.2    2.8
2008 12  1 336  0.00  325.0  -25.0  125.0  9.096E+07  7.202E+06  2.331E+05 2.801E-15  691.8   692  1.973E+06  4.024E+02  4.429E+05  1.011E+06   66.5   67.1    0.0    0.0    0.0    0.0    0.0    1.2    2.8
2008 12  1 336  0.00  330.0  -25.0  125.0  8.042E+07  5.805E+06  1.822E+05 2.451E-15  691.8   692  1.913E+06  2.959E+02  4.394E+05  9.077E+05   66.5   67.1    0.0    0.0    0.0    0.0    0.0    1.2    2.8
2008 12  1 336  0.00  335.0  -25.0  125.0  7.112E+07  4.681E+06  1.425E+05 2.147E-15  691.8   692  1.855E+06  2.177E+02  4.359E+05  8.152E+05   66.5   67.1    0.0    0.0    0.0    0.0    0.0    1.2    2.8
2008 12  1 336  0.00  340.0  -25.0  125.0  6.290E+07  3.776E+06  1.115E+05 1.883E-15  691.8   692  1.799E+06  1.603E+02  4.324E+05  7.322E+05   66.5   67.1    0.0    0.0    0.0    0.0    0.0    1.2    2.8
2008 12  1 336  0.00  345.0  -25.0  125.0  5.565E+07  3.047E+06  8.723E+04 1.652E-15  691.8   692  1.744E+06  1.180E+02  4.290E+05  6.578E+05   66.5   67.1    0.0    0.0    0.0    0.0    0.0    1.2    2.8
2008 12  1 336  0.00  350.0  -25.0  125.0  4.924E+07  2.459E+06  6.830E+04 1.452E-15  691.8   692  1.692E+06  8.694E+01  4.257E+05  5.910E+05   66.5   67.1    0.0    0.0    0.0    0.0    0.0    1.2    2.8
2008 12  1 336  0.00  355.0  -25.0  125.0  4.358E+07  1.986E+06  5.349E+04 1.277E-15  691.8   692  1.641E+06  6.408E+01  4.224E+05  5.311E+05   66.5   67.1    0.0    0.0    0.0    0.0    0.0    1.2    2.8
2008 12  1 336  0.00  360.0  -25.0  125.0  3.857E+07  1.604E+06  4.191E+04 1.124E-15  691.8   692  1.591E+06  4.725E+01  4.191E+05  4.773E+05   66.5   67.1    0.0    0.0    0.0    0.0    0.0    1.2    2.8
2008 12  1 336  0.00  365.0  -25.0  125.0  3.415E+07  1.296E+06  3.285E+04 9.902E-16  691.8   692  1.544E+06  3.486E+01  4.159E+05  4.291E+05   66.5   67.1    0.0    0.0    0.0    0.0    0.0    1.2    2.8
2008 12  1 336  0.00  370.0  -25.0  125.0  3.024E+07  1.047E+06  2.575E+04 8.730E-16  691.8   692  1.497E+06  2.573E+01  4.127E+05  3.857E+05   66.5   67.1    0.0    0.0    0.0    0.0    0.0    1.2    2.8
2008 12  1 336  0.00  375.0  -25.0  125.0  2.678E+07  8.465E+05  2.020E+04 7.703E-16  691.9   692  1.452E+06  1.900E+01  4.096E+05  3.468E+05   66.5   67.1    0.0    0.0    0.0    0.0    0.0    1.2    2.8
2008 12  1 336  0.00  380.0  -25.0  125.0  2.372E+07  6.846E+05  1.585E+04 6.802E-16  691.9   692  1.409E+06  1.404E+01  4.064E+05  3.119E+05   66.5   67.1    0.0    0.0    0.0    0.0    0.0    1.2    2.8
2008 12  1 336  0.00  385.0  -25.0  125.0  2.102E+07  5.538E+05  1.244E+04 6.011E-16  691.9   692  1.367E+06  1.037E+01  4.034E+05  2.805E+05   66.5   67.1    0.0    0.0    0.0    0.0    0.0    1.2    2.8
2008 12  1 336  0.00  390.0  -25.0  125.0  1.862E+07  4.481E+05  9.769E+03 5.315E-16  691.9   692  1.326E+06  7.671E+00  4.003E+05  2.524E+05   66.5   67.1    0.0    0.0    0.0    0.0    0.0    1.2    2.8
2008 12  1 336  0.00  395.0  -25.0  125.0  1.650E+07  3.627E+05  7.673E+03 4.703E-16  691.9   692  1.287E+06  5.675E+00  3.973E+05  2.270E+05   66.5   67.1    0.0    0.0    0.0    0.0    0.0    1.2    2.8
2008 12  1 336  0.00  400.0  -25.0  125.0  1.463E+07  2.937E+05  6.029E+03 4.164E-16  691.9   692  1.249E+06  4.200E+00  3.943E+05  2.043E+05   66.5   67.1    0.0    0.0    0.0    0.0    0.0    1.2    2.8
2008 12  1 336  0.00  405.0  -25.0  125.0  1.297E+07  2.379E+05  4.739E+03 3.689E-16  691.9   692  1.212E+06  3.109E+00  3.913E+05  1.839E+05   66.5   67.1    0.0    0.0    0.0    0.0    0.0    1.2    2.8
2008 12  1 336  0.00  410.0  -25.0  125.0  1.150E+07  1.928E+05  3.727E+03 3.271E-16  691.9   692  1.176E+06  2.303E+00  3.884E+05  1.655E+05   66.5   67.1    0.0    0.0    0.0    0.0    0.0    1.2    2.8
2008 12  1 336  0.00  415.0  -25.0  125.0  1.020E+07  1.562E+05  2.931E+03 2.902E-16  691.9   692  1.141E+06  1.707E+00  3.855E+05  1.490E+05   66.5   67.1    0.0    0.0    0.0    0.0    0.0    1.2    2.8
2008 12  1 336  0.00  420.0  -25.0  125.0  9.049E+06  1.267E+05  2.307E+03 2.576E-16  691.9   692  1.107E+06  1.266E+00  3.826E+05  1.342E+05   66.5   67.1    0.0    0.0    0.0    0.0    0.0    1.2    2.8
2008 12  1 336  0.00  425.0  -25.0  125.0  8.028E+06  1.027E+05  1.816E+03 2.288E-16  691.9   692  1.075E+06  9.387E-01  3.797E+05  1.208E+05   66.5   67.1    0.0    0.0    0.0    0.0    0.0    1.2    2.8
2008 12  1 336  0.00  430.0  -25.0  125.0  7.124E+06  8.333E+04  1.430E+03 2.034E-16  691.9   692  1.043E+06  6.966E-01  3.769E+05  1.088E+05   66.5   67.1    0.0    0.0    0.0    0.0    0.0    1.2    2.8
2008 12  1 336  0.00  435.0  -25.0  125.0  6.323E+06  6.762E+04  1.126E+03 1.809E-16  691.9   692  1.012E+06  5.171E-01  3.741E+05  9.803E+04   66.5   67.1    0.0    0.0    0.0    0.0    0.0    1.2    2.8
2008 12  1 336  0.00  440.0  -25.0  125.0  5.613E+06  5.489E+04  8.875E+02 1.610E-16  691.9   692  9.827E+05  3.841E-01  3.713E+05  8.832E+04   66.5   67.1    0.0    0.0    0.0    0.0    0.0    1.2    2.8
2008 12  1 336  0.00  445.0  -25.0  125.0  4.983E+06  4.457E+04  6.996E+02 1.434E-16  691.9   692  9.539E+05  2.854E-01  3.686E+05  7.959E+04   66.5   67.1    0.0    0.0    0.0    0.0    0.0    1.2    2.8
2008 12  1 336  0.00  450.0  -25.0  125.0  4.425E+06  3.620E+04  5.517E+02 1.278E-16  691.9   692  9.260E+05  2.121E-01  3.658E+05  7.173E+04   66.5   67.1    0.0    0.0    0.0    0.0    0.0    1.2    2.8
2008 12  1 336  0.00  455.0  -25.0  125.0  3.930E+06  2.941E+04  4.352E+02 1.140E-16  691.9   692  8.989E+05  1.578E-01  3.631E+05  6.465E+04   66.5   67.1    0.0    0.0    0.0    0.0    0.0    1.2    2.8
2008 12  1 336  0.00  460.0  -25.0  125.0  3.491E+06  2.390E+04  3.434E+02 1.018E-16  691.9   692  8.727E+05  1.174E-01  3.605E+05  5.829E+04   66.5   67.1    0.0    0.0    0.0    0.0    0.0    1.2    2.8
2008 12  1 336  0.00  465.0  -25.0  125.0  3.102E+06  1.943E+04  2.711E+02 9.091E-17  691.9   692  8.473E+05  8.737E-02  3.578E+05  5.255E+04   66.5   67.1    0.0    0.0    0.0    0.0    0.0    1.2    2.8
2008 12  1 336  0.00  470.0  -25.0  125.0  2.757E+06  1.580E+04  2.141E+02 8.128E-17  691.9   692  8.226E+05  6.506E-02  3.552E+05  4.739E+04   66.5   67.1    0.0    0.0    0.0    0.0    0.0    1.2    2.8
2008 12  1 336  0.00  475.0  -25.0  125.0  2.450E+06  1.286E+04  1.691E+02 7.272E-17  691.9   692  7.987E+05  4.847E-02  3.526E+05  4.275E+04   66.5   67.1    0.0    0.0    0.0    0.0    0.0    1.2    2.8
2008 12  1 336  0.00  480.0  -25.0  125.0  2.178E+06  1.046E+04  1.336E+02 6.513E-17  691.9   692  7.756E+05  3.613E-02  3.500E+05  3.856E+04   66.5   67.1    0.0    0.0    0.0    0.0    0.0    1.2    2.8
2008 12  1 336  0.00  485.0  -25.0  125.0  1.936E+06  8.515E+03  1.056E+02 5.838E-17  691.9   692  7.531E+05  2.694E-02  3.474E+05  3.479E+04   66.5   67.1    0.0    0.0    0.0    0.0    0.0    1.2    2.8
2008 12  1 336  0.00  490.0  -25.0  125.0  1.722E+06  6.933E+03  8.352E+01 5.239E-17  691.9   692  7.313E+05  2.009E-02  3.449E+05  3.139E+04   66.5   67.1    0.0    0.0    0.0    0.0    0.0    1.2    2.8
2008 12  1 336  0.00  495.0  -25.0  125.0  1.531E+06  5.647E+03  6.606E+01 4.705E-17  691.9   692  7.102E+05  1.499E-02  3.424E+05  2.833E+04   66.5   67.1    0.0    0.0    0.0    0.0    0.0    1.2    2.8
2008 12  1 336  0.00  500.0  -25.0  125.0  1.362E+06  4.600E+03  5.228E+01 4.231E-17  691.9   692  6.897E+05  1.119E-02  3.399E+05  2.557E+04   66.5   67.1    0.0    0.0    0.0    0.0    0.0    1.2    2.8
2008 12  1 336  0.00  505.0  -25.0  125.0  1.212E+06  3.749E+03  4.138E+01 3.809E-17  691.9   692  6.698E+05  8.361E-03  3.374E+05  2.308E+04   66.5   67.1    0.0    0.0    0.0    0.0    0.0    1.2    2.8
2008 12  1 336  0.00  510.0  -25.0  125.0  1.078E+06  3.056E+03  3.277E+01 3.433E-17  691.9   692  6.506E+05  6.248E-03  3.349E+05  2.084E+04   66.5   67.1    0.0    0.0    0.0    0.0    0.0    1.2    2.8
2008 12  1 336  0.00  515.0  -25.0  125.0  9.599E+05  2.492E+03  2.595E+01 3.097E-17  691.9   692  6.319E+05  4.671E-03  3.325E+05  1.882E+04   66.5   67.1    0.0    0.0    0.0    0.0    0.0    1.2    2.8
2008 12  1 336  0.00  520.0  -25.0  125.0  8.544E+05  2.033E+03  2.056E+01 2.799E-17  691.9   692  6.138E+05  3.493E-03  3.301E+05  1.700E+04   66.5   67.1    0.0    0.0    0.0    0.0    0.0    1.2    2.8
2008 12  1 336  0.00  525.0  -25.0  125.0  7.607E+05  1.659E+03  1.630E+01 2.532E-17  691.9   692  5.962E+05  2.613E-03  3.277E+05  1.535E+04   66.5   67.1    0.0    0.0    0.0    0.0    0.0    1.2    2.8
2008 12  1 336  0.00  530.0  -25.0  125.0  6.774E+05  1.354E+03  1.292E+01 2.294E-17  691.9   692  5.792E+05  1.956E-03  3.253E+05  1.387E+04   66.5   67.1    0.0    0.0    0.0    0.0    0.0    1.2    2.8
2008 12  1 336  0.00  535.0  -25.0  125.0  6.033E+05  1.105E+03  1.025E+01 2.082E-17  691.9   692  5.626E+05  1.465E-03  3.230E+05  1.253E+04   66.5   67.1    0.0    0.0    0.0    0.0    0.0    1.2    2.8
2008 12  1 336  0.00  540.0  -25.0  125.0  5.374E+05  9.025E+02  8.134E+00 1.892E-17  691.9   692  5.466E+05  1.097E-03  3.207E+05  1.133E+04   66.5   67.1    0.0    0.0    0.0    0.0    0.0    1.2    2.8
2008 12  1 336  0.00  545.0  -25.0  125.0  4.787E+05  7.372E+02  6.456E+00 1.722E-17  691.9   692  5.310E+05  8.223E-04  3.184E+05  1.024E+04   66.5   67.1    0.0    0.0    0.0    0.0    0.0    1.2    2.8
2008 12  1 336  0.00  550.0  -25.0  125.0  4.266E+05  6.024E+02  5.126E+00 1.570E-17  691.9   692  5.159E+05  6.166E-04  3.161E+05  9.253E+03   66.5   67.1    0.0    0.0    0.0    0.0    0.0    1.2    2.8
2008 12  1 336  0.00  555.0  -25.0  125.0  3.802E+05  4.924E+02  4.071E+00 1.434E-17  691.9   692  5.013E+05  4.625E-04  3.138E+05  8.365E+03   66.5   67.1    0.0    0.0    0.0    0.0    0.0    1.2    2.8
2008 12  1 336  0.00  560.0  -25.0  125.0  3.389E+05  4.026E+02  3.235E+00 1.313E-17  691.9   692  4.871E+05  3.470E-04  3.116E+05  7.564E+03   66.5   67.1    0.0    0.0    0.0    0.0    0.0    1.2    2.8
2008 12  1 336  0.00  565.0  -25.0  125.0  3.021E+05  3.292E+02  2.571E+00 1.203E-17  691.9   692  4.733E+05  2.605E-04  3.093E+05  6.841E+03   66.5   67.1    0.0    0.0    0.0    0.0    0.0    1.2    2.8
2008 12  1 336  0.00  570.0  -25.0  125.0  2.694E+05  2.693E+02  2.044E+00 1.105E-17  691.9   692  4.599E+05  1.956E-04  3.071E+05  6.187E+03   66.5   67.1    0.0    0.0    0.0    0.0    0.0    1.2    2.8
2008 12  1 336  0.00  575.0  -25.0  125.0  2.402E+05  2.204E+02  1.626E+00 1.017E-17  691.9   692  4.469E+05  1.470E-04  3.049E+05  5.597E+03   66.5   67.1    0.0    0.0    0.0    0.0    0.0    1.2    2.8
2008 12  1 336  0.00  580.0  -25.0  125.0  2.143E+05  1.804E+02  1.293E+00 9.379E-18  691.9   692  4.343E+05  1.105E-04  3.028E+05  5.064E+03   66.5   67.1    0.0    0.0    0.0    0.0    0.0    1.2    2.8
2008 12  1 336  0.00  585.0  -25.0  125.0  1.911E+05  1.477E+02  1.029E+00 8.666E-18  691.9   692  4.221E+05  8.307E-05  3.006E+05  4.582E+03   66.5   67.1    0.0    0.0    0.0    0.0    0.0    1.2    2.8
2008 12  1 336  0.00  590.0  -25.0  125.0  1.705E+05  1.210E+02  8.193E-01 8.024E-18  691.9   692  4.103E+05  6.249E-05  2.985E+05  4.147E+03   66.5   67.1    0.0    0.0    0.0    0.0    0.0    1.2    2.8
2008 12  1 336  0.00  595.0  -25.0  125.0  1.522E+05  9.912E+01  6.525E-01 7.445E-18  691.9   692  3.987E+05  4.703E-05  2.964E+05  3.753E+03   66.5   67.1    0.0    0.0    0.0    0.0    0.0    1.2    2.8
2008 12  1 336  0.00  600.0  -25.0  125.0  1.358E+05  8.123E+01  5.198E-01 6.922E-18  691.9   692  3.876E+05  3.541E-05  2.943E+05  3.398E+03   66.5   67.1    0.0    0.0    0.0    0.0    0.0    1.2    2.8
2008 12  1 336  0.00  605.0  -25.0  125.0  1.213E+05  6.659E+01  4.142E-01 6.450E-18  691.9   692  3.767E+05  2.667E-05  2.922E+05  3.076E+03   66.5   67.1    0.0    0.0    0.0    0.0    0.0    1.2    2.8
2008 12  1 336  0.00  610.0  -25.0  125.0  1.083E+05  5.460E+01  3.302E-01 6.022E-18  691.9   692  3.662E+05  2.009E-05  2.901E+05  2.786E+03   66.5   67.1    0.0    0.0    0.0    0.0    0.0    1.2    2.8
2008 12  1 336  0.00  615.0  -25.0  125.0  9.668E+04  4.478E+01  2.633E-01 5.635E-18  691.9   692  3.560E+05  1.515E-05  2.881E+05  2.523E+03   66.5   67.1    0.0    0.0    0.0    0.0    0.0    1.2    2.8
2008 12  1 336  0.00  620.0  -25.0  125.0  8.634E+04  3.674E+01  2.100E-01 5.283E-18  691.9   692  3.461E+05  1.142E-05  2.860E+05  2.285E+03   66.5   67.1    0.0    0.0    0.0    0.0    0.0    1.2    2.8
2008 12  1 336  0.00  625.0  -25.0  125.0  7.713E+04  3.015E+01  1.676E-01 4.964E-18  691.9   692  3.364E+05  8.617E-06  2.840E+05  2.070E+03   66.5   67.1    0.0    0.0    0.0    0.0    0.0    1.2    2.8
2008 12  1 336  0.00  630.0  -25.0  125.0  6.891E+04  2.475E+01  1.338E-01 4.674E-18  691.9   692  3.271E+05  6.503E-06  2.820E+05  1.876E+03   66.5   67.1    0.0    0.0    0.0    0.0    0.0    1.2    2.8
2008 12  1 336  0.00  635.0  -25.0  125.0  6.157E+04  2.033E+01  1.068E-01 4.409E-18  691.9   692  3.180E+05  4.910E-06  2.801E+05  1.700E+03   66.5   67.1    0.0    0.0    0.0    0.0    0.0    1.2    2.8
2008 12  1 336  0.00  640.0  -25.0  125.0  5.503E+04  1.669E+01  8.529E-02 4.167E-18  691.9   692  3.092E+05  3.708E-06  2.781E+05  1.540E+03   66.5   67.1    0.0    0.0    0.0    0.0    0.0    1.2    2.8
2008 12  1 336  0.00  645.0  -25.0  125.0  4.918E+04  1.372E+01  6.815E-02 3.947E-18  691.9   692  3.006E+05  2.802E-06  2.761E+05  1.396E+03   66.5   67.1    0.0    0.0    0.0    0.0    0.0    1.2    2.8
2008 12  1 336  0.00  650.0  -25.0  125.0  4.397E+04  1.127E+01  5.446E-02 3.745E-18  691.9   692  2.923E+05  2.118E-06  2.742E+05  1.266E+03   66.5   67.1    0.0    0.0    0.0    0.0    0.0    1.2    2.8
2008 12  1 336  0.00  655.0  -25.0  125.0  3.932E+04  9.267E+00  4.354E-02 3.559E-18  691.9   692  2.843E+05  1.602E-06  2.723E+05  1.148E+03   66.5   67.1    0.0    0.0    0.0    0.0    0.0    1.2    2.8
2008 12  1 336  0.00  660.0  -25.0  125.0  3.516E+04  7.620E+00  3.482E-02 3.389E-18  691.9   692  2.764E+05  1.212E-06  2.704E+05  1.041E+03   66.5   67.1    0.0    0.0    0.0    0.0    0.0    1.2    2.8
2008 12  1 336  0.00  665.0  -25.0  125.0  3.145E+04  6.268E+00  2.786E-02 3.232E-18  691.9   692  2.688E+05  9.172E-07  2.685E+05  9.438E+02   66.5   67.1    0.0    0.0    0.0    0.0    0.0    1.2    2.8
2008 12  1 336  0.00  670.0  -25.0  125.0  2.813E+04  5.157E+00  2.229E-02 3.088E-18  691.9   692  2.614E+05  6.944E-07  2.667E+05  8.561E+02   66.5   67.1    0.0    0.0    0.0    0.0    0.0    1.2    2.8
2008 12  1 336  0.00  675.0  -25.0  125.0  2.517E+04  4.244E+00  1.784E-02 2.955E-18  691.9   692  2.543E+05  5.260E-07  2.648E+05  7.766E+02   66.5   67.1    0.0    0.0    0.0    0.0    0.0    1.2    2.8
2008 12  1 336  0.00  680.0  -25.0  125.0  2.252E+04  3.494E+00  1.429E-02 2.831E-18  691.9   692  2.473E+05  3.986E-07  2.630E+05  7.046E+02   66.5   67.1    0.0    0.0    0.0    0.0    0.0    1.2    2.8
2008 12  1 336  0.00  685.0  -25.0  125.0  2.016E+04  2.877E+00  1.144E-02 2.717E-18  691.9   692  2.405E+05  3.021E-07  2.612E+05  6.394E+02   66.5   67.1    0.0    0.0    0.0    0.0    0.0    1.2    2.8
2008 12  1 336  0.00  690.0  -25.0  125.0  1.804E+04  2.369E+00  9.170E-03 2.611E-18  691.9   692  2.340E+05  2.291E-07  2.594E+05  5.803E+02   66.5   67.1    0.0    0.0    0.0    0.0    0.0    1.2    2.8
2008 12  1 336  0.00  695.0  -25.0  125.0  1.615E+04  1.952E+00  7.350E-03 2.512E-18  691.9   692  2.276E+05  1.738E-07  2.576E+05  5.267E+02   66.5   67.1    0.0    0.0    0.0    0.0    0.0    1.2    2.8
2008 12  1 336  0.00  700.0  -25.0  125.0  1.446E+04  1.609E+00  5.893E-03 2.419E-18  691.9   692  2.214E+05  1.319E-07  2.558E+05  4.782E+02   66.5   67.1    0.0    0.0    0.0    0.0    0.0    1.2    2.8
2008 12  1 336  0.00  705.0  -25.0  125.0  1.295E+04  1.326E+00  4.726E-03 2.333E-18  691.9   692  2.154E+05  1.001E-07  2.541E+05  4.342E+02   66.5   67.1    0.0    0.0    0.0    0.0    0.0    1.2    2.8
2008 12  1 336  0.00  710.0  -25.0  125.0  1.160E+04  1.094E+00  3.791E-03 2.253E-18  691.9   692  2.095E+05  7.606E-08  2.523E+05  3.942E+02   66.5   67.1    0.0    0.0    0.0    0.0    0.0    1.2    2.8
2008 12  1 336  0.00  715.0  -25.0  125.0  1.039E+04  9.020E-01  3.043E-03 2.177E-18  691.9   692  2.038E+05  5.780E-08  2.506E+05  3.580E+02   66.5   67.1    0.0    0.0    0.0    0.0    0.0    1.2    2.8
2008 12  1 336  0.00  720.0  -25.0  125.0  9.312E+03  7.442E-01  2.442E-03 2.106E-18  691.9   692  1.983E+05  4.393E-08  2.489E+05  3.252E+02   66.5   67.1    0.0    0.0    0.0    0.0    0.0    1.2    2.8
2008 12  1 336  0.00  725.0  -25.0  125.0  8.344E+03  6.141E-01  1.961E-03 2.039E-18  691.9   692  1.929E+05  3.341E-08  2.472E+05  2.954E+02   66.5   67.1    0.0    0.0    0.0    0.0    0.0    1.2    2.8
2008 12  1 336  0.00  730.0  -25.0  125.0  7.478E+03  5.070E-01  1.575E-03 1.976E-18  691.9   692  1.877E+05  2.541E-08  2.455E+05  2.684E+02   66.5   67.1    0.0    0.0    0.0    0.0    0.0    1.2    2.8
2008 12  1 336  0.00  735.0  -25.0  125.0  6.704E+03  4.186E-01  1.266E-03 1.917E-18  691.9   692  1.827E+05  1.934E-08  2.438E+05  2.439E+02   66.5   67.1    0.0    0.0    0.0    0.0    0.0    1.2    2.8
2008 12  1 336  0.00  740.0  -25.0  125.0  6.010E+03  3.457E-01  1.017E-03 1.860E-18  691.9   692  1.777E+05  1.472E-08  2.421E+05  2.217E+02   66.5   67.1    0.0    0.0    0.0    0.0    0.0    1.2    2.8
2008 12  1 336  0.00  745.0  -25.0  125.0  5.389E+03  2.856E-01  8.180E-04 1.807E-18  691.9   692  1.730E+05  1.121E-08  2.405E+05  2.015E+02   66.5   67.1    0.0    0.0    0.0    0.0    0.0    1.2    2.8
