2008  1  1   1 18.00    0.0  -25.0  125.0  9.999E-38  1.912E+19  5.128E+18 1.177E-03  296.6   917  1.273E+14  2.285E+17  9.999E-38  9.999E-38   74.2   72.5    4.0    4.0    3.0    6.0    6.0    5.1    4.0
2008  1  1   1 18.00    5.0  -25.0  125.0  9.999E-38  1.149E+19  3.081E+18 7.073E-04  270.7   917  7.651E+13  1.373E+17  9.999E-38  9.999E-38   74.2   72.5    4.0    4.0    3.0    6.0    6.0    5.1    4.0
2008  1  1   1 18.00   10.0  -25.0  125.0  9.999E-38  6.713E+18  1.800E+18 4.132E-04  237.8   917  4.470E+13  8.023E+16  9.999E-38  9.999E-38   74.2   72.5    4.0    4.0    3.0    6.0    6.0    5.1    4.0
2008  1  1   1 18.00   15.0  -25.0  125.0  9.999E-38  3.602E+18  9.659E+17 2.217E-04  203.4   917  2.399E+13  4.305E+16  9.999E-38  9.999E-38   74.2   72.5    4.0    4.0    3.0    6.0    6.0    5.1    4.0
2008  1  1   1 18.00   20.0  -25.0  125.0  9.999E-38  1.549E+18  4.154E+17 9.537E-05  203.4   917  1.032E+13  1.851E+16  9.999E-38  9.999E-38   74.2   72.5    4.0    4.0    3.0    6.0    6.0    5.1    4.0
2008  1  1   1 18.00   25.0  -25.0  125.0  9.999E-38  6.468E+17  1.734E+17 3.981E-05  217.9   917  4.307E+12  7.729E+15  9.999E-38  9.999E-38   74.2   72.5    4.0    4.0    3.0    6.0    6.0    5.1    4.0
2008  1  1   1 18.00   30.0  -25.0  125.0  9.999E-38  2.904E+17  7.788E+16 1.788E-05  227.3   917  1.934E+12  3.471E+15  9.999E-38  9.999E-38   74.2   72.5    4.0    4.0    3.0    6.0    6.0    5.1    4.0
2008  1  1   1 18.00   35.0  -25.0  125.0  9.999E-38  1.337E+17  3.586E+16 8.233E-06  239.0   917  8.907E+11  1.598E+15  9.999E-38  9.999E-38   74.2   72.5    4.0    4.0    3.0    6.0    6.0    5.1    4.0
2008  1  1   1 18.00   40.0  -25.0  125.0  9.999E-38  6.351E+16  1.703E+16 3.910E-06  253.9   917  4.230E+11  7.590E+14  9.999E-38  9.999E-38   74.2   72.5    4.0    4.0    3.0    6.0    6.0    5.1    4.0
2008  1  1   1 18.00   45.0  -25.0  125.0  9.999E-38  3.173E+16  8.507E+15 1.953E-06  266.7   917  2.113E+11  3.792E+14  9.999E-38  9.999E-38   74.2   72.5    4.0    4.0    3.0    6.0    6.0    5.1    4.0
2008  1  1   1 18.00   50.0  -25.0  125.0  9.999E-38  1.693E+16  4.539E+15 1.042E-06  267.1   917  1.127E+11  2.023E+14  9.999E-38  9.999E-38   74.2   72.5    4.0    4.0    3.0    6.0    6.0    5.1    4.0
2008  1  1   1 18.00   55.0  -25.0  125.0  6.670E+09  9.273E+15  2.487E+15 5.708E-07  257.5   917  6.175E+10  1.108E+14  9.999E-38  9.999E-38   74.2   72.5    4.0    4.0    3.0    6.0    6.0    5.1    4.0
2008  1  1   1 18.00   60.0  -25.0  125.0  7.442E+09  5.023E+15  1.347E+15 3.092E-07  243.9   917  3.345E+10  6.003E+13  9.999E-38  9.999E-38   74.2   72.5    4.0    4.0    3.0    6.0    6.0    5.1    4.0
2008  1  1   1 18.00   65.0  -25.0  125.0  7.087E+09  2.648E+15  7.102E+14 1.630E-07  227.7   917  1.764E+10  3.165E+13  9.999E-38  9.999E-38   74.2   72.5    4.0    4.0    3.0    6.0    6.0    5.1    4.0
2008  1  1   1 18.00   70.0  -25.0  125.0  5.868E+09  1.329E+15  3.565E+14 8.183E-08  211.9   917  8.853E+09  1.589E+13  9.999E-38  9.999E-38   74.2   72.5    4.0    4.0    3.0    6.0    6.0    5.1    4.0
2008  1  1   1 18.00   75.0  -25.0  125.0  4.304E+09  6.199E+14  1.662E+14 3.816E-08  203.2   917  4.128E+09  7.408E+12  9.999E-38  9.999E-38   74.2   72.5    4.0    4.0    3.0    6.0    6.0    5.1    4.0
2008  1  1   1 18.00   80.0  -25.0  125.0  1.203E+10  2.805E+14  7.521E+13 1.727E-08  194.5   917  1.893E+09  3.352E+12  2.372E+08  9.999E-38   74.2   72.5    4.0    4.0    3.0    6.0    6.0    5.1    4.0
2008  1  1   1 18.00   85.0  -25.0  125.0  1.045E+11  1.220E+14  3.268E+13 7.511E-09  187.1   917  8.699E+08  1.457E+12  2.127E+08  9.999E-38   74.2   72.5    4.0    4.0    3.0    6.0    6.0    5.1    4.0
2008  1  1   1 18.00   90.0  -25.0  125.0  4.365E+11  5.142E+13  1.365E+13 3.169E-09  181.3   917  4.134E+08  6.048E+11  1.201E+08  9.999E-38   74.2   72.5    4.0    4.0    3.0    6.0    6.0    5.1    4.0
2008  1  1   1 18.00   95.0  -25.0  125.0  7.088E+11  2.120E+13  5.468E+12 1.311E-09  176.7   917  2.176E+08  2.376E+11  6.902E+07  6.877E+04   74.2   72.5    4.0    4.0    3.0    6.0    6.0    5.1    4.0
2008  1  1   1 18.00  100.0  -25.0  125.0  4.926E+11  8.428E+12  2.056E+12 5.200E-10  176.8   917  1.253E+08  8.490E+10  4.082E+07  1.290E+05   74.2   72.5    4.0    4.0    3.0    6.0    6.0    5.1    4.0
2008  1  1   1 18.00  105.0  -25.0  125.0  2.128E+11  3.203E+12  7.158E+11 1.945E-10  191.6   917  7.641E+07  2.705E+10  2.386E+07  2.203E+05   74.2   72.5    4.0    4.0    3.0    6.0    6.0    5.1    4.0
2008  1  1   1 18.00  110.0  -25.0  125.0  1.065E+11  1.212E+12  2.440E+11 7.273E-11  235.5   917  4.741E+07  8.414E+09  1.353E+07  3.510E+05   74.2   72.5    4.0    4.0    3.0    6.0    6.0    5.1    4.0
2008  1  1   1 18.00  115.0  -25.0  125.0  6.031E+10  5.094E+11  9.242E+10 3.040E-11  308.7   917  2.976E+07  2.954E+09  7.603E+06  5.526E+05   74.2   72.5    4.0    4.0    3.0    6.0    6.0    5.1    4.0
2008  1  1   1 18.00  120.0  -25.0  125.0  3.953E+10  2.607E+11  4.284E+10 1.554E-11  379.5   917  2.094E+07  1.286E+09  4.779E+06  9.221E+05   74.2   72.5    4.0    4.0    3.0    6.0    6.0    5.1    4.0
2008  1  1   1 18.00  125.0  -25.0  125.0  2.902E+10  1.554E+11  2.326E+10 9.279E-12  429.9   917  1.629E+07  6.583E+08  3.370E+06  1.576E+06   74.2   72.5    4.0    4.0    3.0    6.0    6.0    5.1    4.0
2008  1  1   1 18.00  130.0  -25.0  125.0  2.221E+10  9.960E+10  1.366E+10 5.974E-12  471.5   917  1.325E+07  3.657E+08  2.503E+06  2.566E+06   74.2   72.5    4.0    4.0    3.0    6.0    6.0    5.1    4.0
2008  1  1   1 18.00  135.0  -25.0  125.0  1.737E+10  6.673E+10  8.434E+09 4.028E-12  509.5   917  1.103E+07  2.140E+08  1.917E+06  3.930E+06   74.2   72.5    4.0    4.0    3.0    6.0    6.0    5.1    4.0
2008  1  1   1 18.00  140.0  -25.0  125.0  1.386E+10  4.628E+10  5.415E+09 2.818E-12  544.2   917  9.368E+06  1.303E+08  1.506E+06  5.696E+06   74.2   72.5    4.0    4.0    3.0    6.0    6.0    5.1    4.0
2008  1  1   1 18.00  145.0  -25.0  125.0  1.125E+10  3.300E+10  3.593E+09 2.031E-12  575.9   917  8.080E+06  8.204E+07  1.209E+06  7.851E+06   74.2   72.5    4.0    4.0    3.0    6.0    6.0    5.1    4.0
2008  1  1   1 18.00  150.0  -25.0  125.0  9.256E+09  2.406E+10  2.450E+09 1.499E-12  604.9   917  7.062E+06  5.317E+07  9.889E+05  1.030E+07   74.2   72.5    4.0    4.0    3.0    6.0    6.0    5.1    4.0
2008  1  1   1 18.00  155.0  -25.0  125.0  7.698E+09  1.788E+10  1.711E+09 1.130E-12  631.3   917  6.244E+06  3.531E+07  8.229E+05  1.290E+07   74.2   72.5    4.0    4.0    3.0    6.0    6.0    5.1    4.0
2008  1  1   1 18.00  160.0  -25.0  125.0  6.465E+09  1.349E+10  1.218E+09 8.660E-13  655.5   917  5.577E+06  2.393E+07  6.960E+05  1.546E+07   74.2   72.5    4.0    4.0    3.0    6.0    6.0    5.1    4.0
2008  1  1   1 18.00  165.0  -25.0  125.0  5.476E+09  1.031E+10  8.832E+08 6.738E-13  677.6   917  5.029E+06  1.651E+07  5.980E+05  1.778E+07   74.2   72.5    4.0    4.0    3.0    6.0    6.0    5.1    4.0
2008  1  1   1 18.00  170.0  -25.0  125.0  4.674E+09  7.978E+09  6.501E+08 5.311E-13  697.8   917  4.573E+06  1.156E+07  5.215E+05  1.970E+07   74.2   72.5    4.0    4.0    3.0    6.0    6.0    5.1    4.0
2008  1  1   1 18.00  175.0  -25.0  125.0  4.016E+09  6.231E+09  4.849E+08 4.233E-13  716.3   917  4.190E+06  8.198E+06  4.613E+05  2.111E+07   74.2   72.5    4.0    4.0    3.0    6.0    6.0    5.1    4.0
2008  1  1   1 18.00  180.0  -25.0  125.0  3.470E+09  4.908E+09  3.660E+08 3.409E-13  733.2   917  3.868E+06  5.881E+06  4.135E+05  2.196E+07   74.2   72.5    4.0    4.0    3.0    6.0    6.0    5.1    4.0
2008  1  1   1 18.00  185.0  -25.0  125.0  3.015E+09  3.895E+09  2.790E+08 2.769E-13  748.6   917  3.592E+06  4.261E+06  3.753E+05  2.228E+07   74.2   72.5    4.0    4.0    3.0    6.0    6.0    5.1    4.0
2008  1  1   1 18.00  190.0  -25.0  125.0  2.631E+09  3.112E+09  2.147E+08 2.268E-13  762.8   917  3.356E+06  3.115E+06  3.445E+05  2.212E+07   74.2   72.5    4.0    4.0    3.0    6.0    6.0    5.1    4.0
2008  1  1   1 18.00  195.0  -25.0  125.0  2.306E+09  2.500E+09  1.665E+08 1.871E-13  775.7   917  3.152E+06  2.294E+06  3.195E+05  2.158E+07   74.2   72.5    4.0    4.0    3.0    6.0    6.0    5.1    4.0
2008  1  1   1 18.00  200.0  -25.0  125.0  2.028E+09  2.020E+09  1.300E+08 1.553E-13  787.5   917  2.974E+06  1.701E+06  2.990E+05  2.075E+07   74.2   72.5    4.0    4.0    3.0    6.0    6.0    5.1    4.0
2008  1  1   1 18.00  205.0  -25.0  125.0  1.789E+09  1.639E+09  1.022E+08 1.298E-13  798.3   917  2.817E+06  1.270E+06  2.821E+05  1.972E+07   74.2   72.5    4.0    4.0    3.0    6.0    6.0    5.1    4.0
2008  1  1   1 18.00  210.0  -25.0  125.0  1.583E+09  1.335E+09  8.071E+07 1.090E-13  808.3   917  2.679E+06  9.525E+05  2.680E+05  1.857E+07   74.2   72.5    4.0    4.0    3.0    6.0    6.0    5.1    4.0
2008  1  1   1 18.00  215.0  -25.0  125.0  1.405E+09  1.092E+09  6.407E+07 9.199E-14  817.3   917  2.555E+06  7.182E+05  2.563E+05  1.735E+07   74.2   72.5    4.0    4.0    3.0    6.0    6.0    5.1    4.0
2008  1  1   1 18.00  220.0  -25.0  125.0  1.249E+09  8.961E+08  5.107E+07 7.802E-14  825.6   917  2.444E+06  5.438E+05  2.463E+05  1.613E+07   74.2   72.5    4.0    4.0    3.0    6.0    6.0    5.1    4.0
2008  1  1   1 18.00  225.0  -25.0  125.0  1.113E+09  7.375E+08  4.086E+07 6.645E-14  833.2   917  2.343E+06  4.135E+05  2.379E+05  1.493E+07   74.2   72.5    4.0    4.0    3.0    6.0    6.0    5.1    4.0
2008  1  1   1 18.00  230.0  -25.0  125.0  9.943E+08  6.087E+08  3.281E+07 5.683E-14  840.2   917  2.252E+06  3.155E+05  2.306E+05  1.377E+07   74.2   72.5    4.0    4.0    3.0    6.0    6.0    5.1    4.0
2008  1  1   1 18.00  235.0  -25.0  125.0  8.894E+08  5.036E+08  2.642E+07 4.879E-14  846.5   917  2.168E+06  2.415E+05  2.244E+05  1.267E+07   74.2   72.5    4.0    4.0    3.0    6.0    6.0    5.1    4.0
2008  1  1   1 18.00  240.0  -25.0  125.0  7.969E+08  4.176E+08  2.133E+07 4.203E-14  852.4   917  2.090E+06  1.854E+05  2.189E+05  1.164E+07   74.2   72.5    4.0    4.0    3.0    6.0    6.0    5.1    4.0
2008  1  1   1 18.00  245.0  -25.0  125.0  7.150E+08  3.470E+08  1.727E+07 3.633E-14  857.7   917  2.019E+06  1.428E+05  2.142E+05  1.068E+07   74.2   72.5    4.0    4.0    3.0    6.0    6.0    5.1    4.0
2008  1  1   1 18.00  250.0  -25.0  125.0  6.423E+08  2.889E+08  1.401E+07 3.150E-14  862.6   917  1.952E+06  1.102E+05  2.100E+05  9.797E+06   74.2   72.5    4.0    4.0    3.0    6.0    6.0    5.1    4.0
2008  1  1   1 18.00  255.0  -25.0  125.0  5.778E+08  2.410E+08  1.139E+07 2.739E-14  867.1   917  1.889E+06  8.524E+04  2.062E+05  8.979E+06   74.2   72.5    4.0    4.0    3.0    6.0    6.0    5.1    4.0
2008  1  1   1 18.00  260.0  -25.0  125.0  5.203E+08  2.013E+08  9.277E+06 2.389E-14  871.2   917  1.831E+06  6.608E+04  2.029E+05  8.227E+06   74.2   72.5    4.0    4.0    3.0    6.0    6.0    5.1    4.0
2008  1  1   1 18.00  265.0  -25.0  125.0  4.690E+08  1.684E+08  7.568E+06 2.089E-14  875.0   917  1.775E+06  5.132E+04  1.998E+05  7.537E+06   74.2   72.5    4.0    4.0    3.0    6.0    6.0    5.1    4.0
2008  1  1   1 18.00  270.0  -25.0  125.0  4.232E+08  1.410E+08  6.184E+06 1.831E-14  878.4   917  1.723E+06  3.993E+04  1.971E+05  6.906E+06   74.2   72.5    4.0    4.0    3.0    6.0    6.0    5.1    4.0
2008  1  1   1 18.00  275.0  -25.0  125.0  3.821E+08  1.183E+08  5.060E+06 1.608E-14  881.6   917  1.673E+06  3.112E+04  1.945E+05  6.329E+06   74.2   72.5    4.0    4.0    3.0    6.0    6.0    5.1    4.0
2008  1  1   1 18.00  280.0  -25.0  125.0  3.454E+08  9.933E+07  4.146E+06 1.416E-14  884.5   917  1.626E+06  2.429E+04  1.922E+05  5.801E+06   74.2   72.5    4.0    4.0    3.0    6.0    6.0    5.1    4.0
2008  1  1   1 18.00  285.0  -25.0  125.0  3.124E+08  8.350E+07  3.401E+06 1.250E-14  887.2   917  1.581E+06  1.899E+04  1.901E+05  5.319E+06   74.2   72.5    4.0    4.0    3.0    6.0    6.0    5.1    4.0
2008  1  1   1 18.00  290.0  -25.0  125.0  2.827E+08  7.026E+07  2.793E+06 1.105E-14  889.6   917  1.538E+06  1.486E+04  1.881E+05  4.878E+06   74.2   72.5    4.0    4.0    3.0    6.0    6.0    5.1    4.0
2008  1  1   1 18.00  295.0  -25.0  125.0  2.560E+08  5.918E+07  2.297E+06 9.792E-15  891.8   917  1.497E+06  1.165E+04  1.862E+05  4.476E+06   74.2   72.5    4.0    4.0    3.0    6.0    6.0    5.1    4.0
2008  1  1   1 18.00  300.0  -25.0  125.0  2.320E+08  4.988E+07  1.890E+06 8.690E-15  893.9   917  1.457E+06  9.137E+03  1.844E+05  4.108E+06   74.2   72.5    4.0    4.0    3.0    6.0    6.0    5.1    4.0
2008  1  1   1 18.00  305.0  -25.0  125.0  2.103E+08  4.209E+07  1.557E+06 7.726E-15  895.8   917  1.419E+06  7.177E+03  1.827E+05  3.771E+06   74.2   72.5    4.0    4.0    3.0    6.0    6.0    5.1    4.0
2008  1  1   1 18.00  310.0  -25.0  125.0  1.908E+08  3.553E+07  1.283E+06 6.881E-15  897.5   917  1.382E+06  5.643E+03  1.811E+05  3.464E+06   74.2   72.5    4.0    4.0    3.0    6.0    6.0    5.1    4.0
2008  1  1   1 18.00  315.0  -25.0  125.0  1.732E+08  3.002E+07  1.059E+06 6.137E-15  899.1   917  1.347E+06  4.441E+03  1.796E+05  3.182E+06   74.2   72.5    4.0    4.0    3.0    6.0    6.0    5.1    4.0
2008  1  1   1 18.00  320.0  -25.0  125.0  1.572E+08  2.538E+07  8.744E+05 5.482E-15  900.5   917  1.313E+06  3.498E+03  1.781E+05  2.925E+06   74.2   72.5    4.0    4.0    3.0    6.0    6.0    5.1    4.0
2008  1  1   1 18.00  325.0  -25.0  125.0  1.428E+08  2.148E+07  7.226E+05 4.903E-15  901.9   917  1.280E+06  2.758E+03  1.767E+05  2.689E+06   74.2   72.5    4.0    4.0    3.0    6.0    6.0    5.1    4.0
2008  1  1   1 18.00  330.0  -25.0  125.0  1.298E+08  1.818E+07  5.975E+05 4.392E-15  903.1   917  1.249E+06  2.176E+03  1.754E+05  2.473E+06   74.2   72.5    4.0    4.0    3.0    6.0    6.0    5.1    4.0
2008  1  1   1 18.00  335.0  -25.0  125.0  1.180E+08  1.540E+07  4.944E+05 3.938E-15  904.2   917  1.218E+06  1.718E+03  1.741E+05  2.275E+06   74.2   72.5    4.0    4.0    3.0    6.0    6.0    5.1    4.0
2008  1  1   1 18.00  340.0  -25.0  125.0  1.073E+08  1.305E+07  4.093E+05 3.536E-15  905.3   917  1.188E+06  1.358E+03  1.728E+05  2.093E+06   74.2   72.5    4.0    4.0    3.0    6.0    6.0    5.1    4.0
2008  1  1   1 18.00  345.0  -25.0  125.0  9.760E+07  1.107E+07  3.390E+05 3.179E-15  906.2   917  1.159E+06  1.074E+03  1.716E+05  1.927E+06   74.2   72.5    4.0    4.0    3.0    6.0    6.0    5.1    4.0
2008  1  1   1 18.00  350.0  -25.0  125.0  8.881E+07  9.389E+06  2.810E+05 2.860E-15  907.1   917  1.132E+06  8.495E+02  1.704E+05  1.774E+06   74.2   72.5    4.0    4.0    3.0    6.0    6.0    5.1    4.0
2008  1  1   1 18.00  355.0  -25.0  125.0  8.084E+07  7.969E+06  2.331E+05 2.576E-15  907.9   917  1.104E+06  6.726E+02  1.692E+05  1.633E+06   74.2   72.5    4.0    4.0    3.0    6.0    6.0    5.1    4.0
2008  1  1   1 18.00  360.0  -25.0  125.0  7.361E+07  6.767E+06  1.934E+05 2.323E-15  908.6   917  1.078E+06  5.329E+02  1.681E+05  1.505E+06   74.2   72.5    4.0    4.0    3.0    6.0    6.0    5.1    4.0
2008  1  1   1 18.00  365.0  -25.0  125.0  6.704E+07  5.749E+06  1.605E+05 2.097E-15  909.3   917  1.053E+06  4.225E+02  1.670E+05  1.386E+06   74.2   72.5    4.0    4.0    3.0    6.0    6.0    5.1    4.0
2008  1  1   1 18.00  370.0  -25.0  125.0  6.107E+07  4.886E+06  1.333E+05 1.894E-15  909.9   917  1.028E+06  3.351E+02  1.659E+05  1.278E+06   74.2   72.5    4.0    4.0    3.0    6.0    6.0    5.1    4.0
2008  1  1   1 18.00  375.0  -25.0  125.0  5.565E+07  4.154E+06  1.108E+05 1.712E-15  910.5   917  1.004E+06  2.659E+02  1.648E+05  1.178E+06   74.2   72.5    4.0    4.0    3.0    6.0    6.0    5.1    4.0
2008  1  1   1 18.00  380.0  -25.0  125.0  5.073E+07  3.533E+06  9.208E+04 1.549E-15  911.0   917  9.803E+05  2.112E+02  1.637E+05  1.086E+06   74.2   72.5    4.0    4.0    3.0    6.0    6.0    5.1    4.0
2008  1  1   1 18.00  385.0  -25.0  125.0  4.625E+07  3.006E+06  7.657E+04 1.403E-15  911.5   917  9.575E+05  1.678E+02  1.627E+05  1.001E+06   74.2   72.5    4.0    4.0    3.0    6.0    6.0    5.1    4.0
2008  1  1   1 18.00  390.0  -25.0  125.0  4.217E+07  2.559E+06  6.370E+04 1.271E-15  912.0   917  9.353E+05  1.334E+02  1.617E+05  9.238E+05   74.2   72.5    4.0    4.0    3.0    6.0    6.0    5.1    4.0
2008  1  1   1 18.00  395.0  -25.0  125.0  3.846E+07  2.179E+06  5.302E+04 1.152E-15  912.4   917  9.137E+05  1.061E+02  1.607E+05  8.522E+05   74.2   72.5    4.0    4.0    3.0    6.0    6.0    5.1    4.0
2008  1  1   1 18.00  400.0  -25.0  125.0  3.509E+07  1.856E+06  4.414E+04 1.046E-15  912.7   917  8.927E+05  8.439E+01  1.597E+05  7.864E+05   74.2   72.5    4.0    4.0    3.0    6.0    6.0    5.1    4.0
2008  1  1   1 18.00  405.0  -25.0  125.0  3.202E+07  1.581E+06  3.677E+04 9.492E-16  913.1   917  8.723E+05  6.717E+01  1.587E+05  7.257E+05   74.2   72.5    4.0    4.0    3.0    6.0    6.0    5.1    4.0
2008  1  1   1 18.00  410.0  -25.0  125.0  2.922E+07  1.348E+06  3.064E+04 8.623E-16  913.4   917  8.523E+05  5.349E+01  1.578E+05  6.699E+05   74.2   72.5    4.0    4.0    3.0    6.0    6.0    5.1    4.0
2008  1  1   1 18.00  415.0  -25.0  125.0  2.667E+07  1.149E+06  2.554E+04 7.838E-16  913.7   917  8.329E+05  4.262E+01  1.568E+05  6.185E+05   74.2   72.5    4.0    4.0    3.0    6.0    6.0    5.1    4.0
2008  1  1   1 18.00  420.0  -25.0  125.0  2.435E+07  9.801E+05  2.129E+04 7.128E-16  914.0   917  8.140E+05  3.397E+01  1.559E+05  5.711E+05   74.2   72.5    4.0    4.0    3.0    6.0    6.0    5.1    4.0
2008  1  1   1 18.00  425.0  -25.0  125.0  2.224E+07  8.361E+05  1.776E+04 6.486E-16  914.2   917  7.955E+05  2.709E+01  1.550E+05  5.274E+05   74.2   72.5    4.0    4.0    3.0    6.0    6.0    5.1    4.0
2008  1  1   1 18.00  430.0  -25.0  125.0  2.031E+07  7.135E+05  1.482E+04 5.905E-16  914.4   917  7.776E+05  2.161E+01  1.541E+05  4.872E+05   74.2   72.5    4.0    4.0    3.0    6.0    6.0    5.1    4.0
2008  1  1   1 18.00  435.0  -25.0  125.0  1.855E+07  6.091E+05  1.237E+04 5.379E-16  914.6   917  7.600E+05  1.724E+01  1.532E+05  4.500E+05   74.2   72.5    4.0    4.0    3.0    6.0    6.0    5.1    4.0
2008  1  1   1 18.00  440.0  -25.0  125.0  1.695E+07  5.201E+05  1.033E+04 4.901E-16  914.8   917  7.429E+05  1.377E+01  1.523E+05  4.158E+05   74.2   72.5    4.0    4.0    3.0    6.0    6.0    5.1    4.0
2008  1  1   1 18.00  445.0  -25.0  125.0  1.549E+07  4.442E+05  8.625E+03 4.469E-16  915.0   917  7.263E+05  1.100E+01  1.514E+05  3.843E+05   74.2   72.5    4.0    4.0    3.0    6.0    6.0    5.1    4.0
2008  1  1   1 18.00  450.0  -25.0  125.0  1.416E+07  3.795E+05  7.205E+03 4.076E-16  915.2   917  7.100E+05  8.786E+00  1.505E+05  3.551E+05   74.2   72.5    4.0    4.0    3.0    6.0    6.0    5.1    4.0
2008  1  1   1 18.00  455.0  -25.0  125.0  1.294E+07  3.243E+05  6.022E+03 3.719E-16  915.3   917  6.942E+05  7.022E+00  1.496E+05  3.283E+05   74.2   72.5    4.0    4.0    3.0    6.0    6.0    5.1    4.0
2008  1  1   1 18.00  460.0  -25.0  125.0  1.183E+07  2.772E+05  5.034E+03 3.395E-16  915.5   917  6.787E+05  5.615E+00  1.488E+05  3.035E+05   74.2   72.5    4.0    4.0    3.0    6.0    6.0    5.1    4.0
2008  1  1   1 18.00  465.0  -25.0  125.0  1.082E+07  2.371E+05  4.209E+03 3.101E-16  915.6   917  6.636E+05  4.492E+00  1.479E+05  2.806E+05   74.2   72.5    4.0    4.0    3.0    6.0    6.0    5.1    4.0
2008  1  1   1 18.00  470.0  -25.0  125.0  9.894E+06  2.027E+05  3.521E+03 2.833E-16  915.7   917  6.489E+05  3.594E+00  1.471E+05  2.595E+05   74.2   72.5    4.0    4.0    3.0    6.0    6.0    5.1    4.0
2008  1  1   1 18.00  475.0  -25.0  125.0  9.050E+06  1.734E+05  2.946E+03 2.589E-16  915.8   917  6.345E+05  2.877E+00  1.463E+05  2.400E+05   74.2   72.5    4.0    4.0    3.0    6.0    6.0    5.1    4.0
2008  1  1   1 18.00  480.0  -25.0  125.0  8.279E+06  1.484E+05  2.466E+03 2.367E-16  915.9   917  6.205E+05  2.304E+00  1.454E+05  2.220E+05   74.2   72.5    4.0    4.0    3.0    6.0    6.0    5.1    4.0
2008  1  1   1 18.00  485.0  -25.0  125.0  7.575E+06  1.270E+05  2.064E+03 2.165E-16  916.0   917  6.068E+05  1.846E+00  1.446E+05  2.054E+05   74.2   72.5    4.0    4.0    3.0    6.0    6.0    5.1    4.0
2008  1  1   1 18.00  490.0  -25.0  125.0  6.931E+06  1.088E+05  1.729E+03 1.981E-16  916.1   917  5.935E+05  1.479E+00  1.438E+05  1.900E+05   74.2   72.5    4.0    4.0    3.0    6.0    6.0    5.1    4.0
2008  1  1   1 18.00  495.0  -25.0  125.0  6.344E+06  9.314E+04  1.448E+03 1.814E-16  916.2   917  5.804E+05  1.186E+00  1.430E+05  1.758E+05   74.2   72.5    4.0    4.0    3.0    6.0    6.0    5.1    4.0
2008  1  1   1 18.00  500.0  -25.0  125.0  5.807E+06  7.978E+04  1.213E+03 1.661E-16  916.2   917  5.677E+05  9.507E-01  1.422E+05  1.627E+05   74.2   72.5    4.0    4.0    3.0    6.0    6.0    5.1    4.0
2008  1  1   1 18.00  505.0  -25.0  125.0  5.316E+06  6.835E+04  1.017E+03 1.521E-16  916.3   917  5.553E+05  7.627E-01  1.414E+05  1.506E+05   74.2   72.5    4.0    4.0    3.0    6.0    6.0    5.1    4.0
2008  1  1   1 18.00  510.0  -25.0  125.0  4.867E+06  5.857E+04  8.526E+02 1.394E-16  916.4   917  5.431E+05  6.120E-01  1.406E+05  1.394E+05   74.2   72.5    4.0    4.0    3.0    6.0    6.0    5.1    4.0
2008  1  1   1 18.00  515.0  -25.0  125.0  4.457E+06  5.021E+04  7.150E+02 1.278E-16  916.4   917  5.313E+05  4.913E-01  1.398E+05  1.291E+05   74.2   72.5    4.0    4.0    3.0    6.0    6.0    5.1    4.0
2008  1  1   1 18.00  520.0  -25.0  125.0  4.082E+06  4.305E+04  5.998E+02 1.172E-16  916.5   917  5.197E+05  3.945E-01  1.391E+05  1.195E+05   74.2   72.5    4.0    4.0    3.0    6.0    6.0    5.1    4.0
2008  1  1   1 18.00  525.0  -25.0  125.0  3.739E+06  3.692E+04  5.033E+02 1.075E-16  916.5   917  5.084E+05  3.169E-01  1.383E+05  1.107E+05   74.2   72.5    4.0    4.0    3.0    6.0    6.0    5.1    4.0
2008  1  1   1 18.00  530.0  -25.0  125.0  3.425E+06  3.167E+04  4.224E+02 9.868E-17  916.6   917  4.974E+05  2.546E-01  1.375E+05  1.025E+05   74.2   72.5    4.0    4.0    3.0    6.0    6.0    5.1    4.0
2008  1  1   1 18.00  535.0  -25.0  125.0  3.138E+06  2.717E+04  3.546E+02 9.060E-17  916.6   917  4.866E+05  2.047E-01  1.368E+05  9.495E+04   74.2   72.5    4.0    4.0    3.0    6.0    6.0    5.1    4.0
2008  1  1   1 18.00  540.0  -25.0  125.0  2.876E+06  2.332E+04  2.978E+02 8.321E-17  916.7   917  4.761E+05  1.646E-01  1.360E+05  8.796E+04   74.2   72.5    4.0    4.0    3.0    6.0    6.0    5.1    4.0
2008  1  1   1 18.00  545.0  -25.0  125.0  2.636E+06  2.002E+04  2.501E+02 7.645E-17  916.7   917  4.658E+05  1.324E-01  1.353E+05  8.149E+04   74.2   72.5    4.0    4.0    3.0    6.0    6.0    5.1    4.0
2008  1  1   1 18.00  550.0  -25.0  125.0  2.416E+06  1.719E+04  2.101E+02 7.027E-17  916.7   917  4.557E+05  1.065E-01  1.345E+05  7.551E+04   74.2   72.5    4.0    4.0    3.0    6.0    6.0    5.1    4.0
2008  1  1   1 18.00  555.0  -25.0  125.0  2.215E+06  1.476E+04  1.766E+02 6.461E-17  916.8   917  4.459E+05  8.573E-02  1.338E+05  6.997E+04   74.2   72.5    4.0    4.0    3.0    6.0    6.0    5.1    4.0
2008  1  1   1 18.00  560.0  -25.0  125.0  2.030E+06  1.268E+04  1.484E+02 5.944E-17  916.8   917  4.363E+05  6.902E-02  1.331E+05  6.485E+04   74.2   72.5    4.0    4.0    3.0    6.0    6.0    5.1    4.0
2008  1  1   1 18.00  565.0  -25.0  125.0  1.862E+06  1.089E+04  1.248E+02 5.470E-17  916.8   917  4.270E+05  5.559E-02  1.324E+05  6.011E+04   74.2   72.5    4.0    4.0    3.0    6.0    6.0    5.1    4.0
2008  1  1   1 18.00  570.0  -25.0  125.0  1.707E+06  9.361E+03  1.050E+02 5.036E-17  916.8   917  4.178E+05  4.479E-02  1.316E+05  5.572E+04   74.2   72.5    4.0    4.0    3.0    6.0    6.0    5.1    4.0
2008  1  1   1 18.00  575.0  -25.0  125.0  1.566E+06  8.046E+03  8.831E+01 4.639E-17  916.8   917  4.089E+05  3.609E-02  1.309E+05  5.166E+04   74.2   72.5    4.0    4.0    3.0    6.0    6.0    5.1    4.0
2008  1  1   1 18.00  580.0  -25.0  125.0  1.436E+06  6.918E+03  7.431E+01 4.274E-17  916.9   917  4.002E+05  2.910E-02  1.302E+05  4.790E+04   74.2   72.5    4.0    4.0    3.0    6.0    6.0    5.1    4.0
2008  1  1   1 18.00  585.0  -25.0  125.0  1.318E+06  5.949E+03  6.255E+01 3.941E-17  916.9   917  3.916E+05  2.346E-02  1.295E+05  4.442E+04   74.2   72.5    4.0    4.0    3.0    6.0    6.0    5.1    4.0
2008  1  1   1 18.00  590.0  -25.0  125.0  1.209E+06  5.117E+03  5.266E+01 3.635E-17  916.9   917  3.833E+05  1.893E-02  1.288E+05  4.120E+04   74.2   72.5    4.0    4.0    3.0    6.0    6.0    5.1    4.0
2008  1  1   1 18.00  595.0  -25.0  125.0  1.110E+06  4.402E+03  4.434E+01 3.354E-17  916.9   917  3.751E+05  1.527E-02  1.281E+05  3.821E+04   74.2   72.5    4.0    4.0    3.0    6.0    6.0    5.1    4.0
2008  1  1   1 18.00  600.0  -25.0  125.0  1.018E+06  3.788E+03  3.735E+01 3.097E-17  916.9   917  3.672E+05  1.233E-02  1.274E+05  3.545E+04   74.2   72.5    4.0    4.0    3.0    6.0    6.0    5.1    4.0
2008  1  1   1 18.00  605.0  -25.0  125.0  9.348E+05  3.261E+03  3.147E+01 2.861E-17  916.9   917  3.594E+05  9.955E-03  1.268E+05  3.289E+04   74.2   72.5    4.0    4.0    3.0    6.0    6.0    5.1    4.0
2008  1  1   1 18.00  610.0  -25.0  125.0  8.581E+05  2.807E+03  2.652E+01 2.644E-17  917.0   917  3.518E+05  8.040E-03  1.261E+05  3.051E+04   74.2   72.5    4.0    4.0    3.0    6.0    6.0    5.1    4.0
2008  1  1   1 18.00  615.0  -25.0  125.0  7.879E+05  2.417E+03  2.236E+01 2.445E-17  917.0   917  3.443E+05  6.496E-03  1.254E+05  2.831E+04   74.2   72.5    4.0    4.0    3.0    6.0    6.0    5.1    4.0
2008  1  1   1 18.00  620.0  -25.0  125.0  7.235E+05  2.082E+03  1.885E+01 2.262E-17  917.0   917  3.371E+05  5.250E-03  1.247E+05  2.628E+04   74.2   72.5    4.0    4.0    3.0    6.0    6.0    5.1    4.0
2008  1  1   1 18.00  625.0  -25.0  125.0  6.644E+05  1.793E+03  1.590E+01 2.095E-17  917.0   917  3.300E+05  4.244E-03  1.241E+05  2.439E+04   74.2   72.5    4.0    4.0    3.0    6.0    6.0    5.1    4.0
2008  1  1   1 18.00  630.0  -25.0  125.0  6.102E+05  1.545E+03  1.341E+01 1.940E-17  917.0   917  3.230E+05  3.432E-03  1.234E+05  2.264E+04   74.2   72.5    4.0    4.0    3.0    6.0    6.0    5.1    4.0
2008  1  1   1 18.00  635.0  -25.0  125.0  5.605E+05  1.332E+03  1.132E+01 1.799E-17  917.0   917  3.162E+05  2.777E-03  1.228E+05  2.102E+04   74.2   72.5    4.0    4.0    3.0    6.0    6.0    5.1    4.0
2008  1  1   1 18.00  640.0  -25.0  125.0  5.150E+05  1.148E+03  9.552E+00 1.669E-17  917.0   917  3.096E+05  2.247E-03  1.221E+05  1.951E+04   74.2   72.5    4.0    4.0    3.0    6.0    6.0    5.1    4.0
2008  1  1   1 18.00  645.0  -25.0  125.0  4.731E+05  9.898E+02  8.064E+00 1.549E-17  917.0   917  3.031E+05  1.819E-03  1.215E+05  1.812E+04   74.2   72.5    4.0    4.0    3.0    6.0    6.0    5.1    4.0
2008  1  1   1 18.00  650.0  -25.0  125.0  4.348E+05  8.536E+02  6.809E+00 1.439E-17  917.0   917  2.968E+05  1.472E-03  1.208E+05  1.683E+04   74.2   72.5    4.0    4.0    3.0    6.0    6.0    5.1    4.0
2008  1  1   1 18.00  655.0  -25.0  125.0  3.996E+05  7.363E+02  5.751E+00 1.337E-17  917.0   917  2.906E+05  1.193E-03  1.202E+05  1.563E+04   74.2   72.5    4.0    4.0    3.0    6.0    6.0    5.1    4.0
2008  1  1   1 18.00  660.0  -25.0  125.0  3.673E+05  6.353E+02  4.859E+00 1.244E-17  917.0   917  2.845E+05  9.662E-04  1.196E+05  1.452E+04   74.2   72.5    4.0    4.0    3.0    6.0    6.0    5.1    4.0
2008  1  1   1 18.00  665.0  -25.0  125.0  3.376E+05  5.482E+02  4.106E+00 1.158E-17  917.0   917  2.786E+05  7.830E-04  1.189E+05  1.348E+04   74.2   72.5    4.0    4.0    3.0    6.0    6.0    5.1    4.0
2008  1  1   1 18.00  670.0  -25.0  125.0  3.104E+05  4.732E+02  3.470E+00 1.079E-17  917.1   917  2.728E+05  6.348E-04  1.183E+05  1.253E+04   74.2   72.5    4.0    4.0    3.0    6.0    6.0    5.1    4.0
2008  1  1   1 18.00  675.0  -25.0  125.0  2.854E+05  4.085E+02  2.934E+00 1.006E-17  917.1   917  2.671E+05  5.148E-04  1.177E+05  1.164E+04   74.2   72.5    4.0    4.0    3.0    6.0    6.0    5.1    4.0
2008  1  1   1 18.00  680.0  -25.0  125.0  2.625E+05  3.527E+02  2.481E+00 9.385E-18  917.1   917  2.616E+05  4.175E-04  1.171E+05  1.082E+04   74.2   72.5    4.0    4.0    3.0    6.0    6.0    5.1    4.0
2008  1  1   1 18.00  685.0  -25.0  125.0  2.414E+05  3.046E+02  2.099E+00 8.764E-18  917.1   917  2.562E+05  3.388E-04  1.165E+05  1.005E+04   74.2   72.5    4.0    4.0    3.0    6.0    6.0    5.1    4.0
2008  1  1   1 18.00  690.0  -25.0  125.0  2.220E+05  2.632E+02  1.776E+00 8.192E-18  917.1   917  2.509E+05  2.750E-04  1.159E+05  9.342E+03   74.2   72.5    4.0    4.0    3.0    6.0    6.0    5.1    4.0
2008  1  1   1 18.00  695.0  -25.0  125.0  2.042E+05  2.274E+02  1.503E+00 7.664E-18  917.1   917  2.457E+05  2.232E-04  1.152E+05  8.684E+03   74.2   72.5    4.0    4.0    3.0    6.0    6.0    5.1    4.0
2008  1  1   1 18.00  700.0  -25.0  125.0  1.879E+05  1.965E+02  1.272E+00 7.177E-18  917.1   917  2.406E+05  1.813E-04  1.146E+05  8.073E+03   74.2   72.5    4.0    4.0    3.0    6.0    6.0    5.1    4.0
2008  1  1   1 18.00  705.0  -25.0  125.0  1.729E+05  1.699E+02  1.077E+00 6.727E-18  917.1   917  2.357E+05  1.473E-04  1.141E+05  7.505E+03   74.2   72.5    4.0    4.0    3.0    6.0    6.0    5.1    4.0
2008  1  1   1 18.00  710.0  -25.0  125.0  1.591E+05  1.469E+02  9.119E-01 6.311E-18  917.1   917  2.308E+05  1.197E-04  1.135E+05  6.979E+03   74.2   72.5    4.0    4.0    3.0    6.0    6.0    5.1    4.0
2008  1  1   1 18.00  715.0  -25.0  125.0  1.464E+05  1.270E+02  7.725E-01 5.926E-18  917.1   917  2.261E+05  9.728E-05  1.129E+05  6.490E+03   74.2   72.5    4.0    4.0    3.0    6.0    6.0    5.1    4.0
2008  1  1   1 18.00  720.0  -25.0  125.0  1.348E+05  1.098E+02  6.545E-01 5.570E-18  917.1   917  2.214E+05  7.910E-05  1.123E+05  6.035E+03   74.2   72.5    4.0    4.0    3.0    6.0    6.0    5.1    4.0
2008  1  1   1 18.00  725.0  -25.0  125.0  1.241E+05  9.502E+01  5.546E-01 5.241E-18  917.1   917  2.169E+05  6.433E-05  1.117E+05  5.614E+03   74.2   72.5    4.0    4.0    3.0    6.0    6.0    5.1    4.0
2008  1  1   1 18.00  730.0  -25.0  125.0  1.142E+05  8.222E+01  4.701E-01 4.937E-18  917.1   917  2.125E+05  5.234E-05  1.111E+05  5.222E+03   74.2   72.5    4.0    4.0    3.0    6.0    6.0    5.1    4.0
2008  1  1   1 18.00  735.0  -25.0  125.0  1.052E+05  7.116E+01  3.986E-01 4.655E-18  917.1   917  2.081E+05  4.259E-05  1.106E+05  4.858E+03   74.2   72.5    4.0    4.0    3.0    6.0    6.0    5.1    4.0
2008  1  1   1 18.00  740.0  -25.0  125.0  9.687E+04  6.160E+01  3.380E-01 4.393E-18  917.1   917  2.039E+05  3.467E-05  1.100E+05  4.520E+03   74.2   72.5    4.0    4.0    3.0    6.0    6.0    5.1    4.0
2008  1  1   1 18.00  745.0  -25.0  125.0  8.922E+04  5.333E+01  2.867E-01 4.151E-18  917.1   917  1.997E+05  2.823E-05  1.094E+05  4.206E+03   74.2   72.5    4.0    4.0    3.0    6.0    6.0    5.1    4.0