2008  1  1   1  6.00    0.0  -25.0  125.0  9.999E-38  1.924E+19  5.159E+18 1.184E-03  294.8   748  1.281E+14  2.299E+17  9.999E-38  9.999E-38   74.2   72.5    4.0    4.0    3.0    3.0    3.0    6.0    3.2
2008  1  1   1  6.00    5.0  -25.0  125.0  9.999E-38  1.149E+19  3.081E+18 7.073E-04  270.2   748  7.651E+13  1.373E+17  9.999E-38  9.999E-38   74.2   72.5    4.0    4.0    3.0    3.0    3.0    6.0    3.2
2008  1  1   1  6.00   10.0  -25.0  125.0  9.999E-38  6.700E+18  1.797E+18 4.125E-04  237.5   748  4.462E+13  8.008E+16  9.999E-38  9.999E-38   74.2   72.5    4.0    4.0    3.0    3.0    3.0    6.0    3.2
2008  1  1   1  6.00   15.0  -25.0  125.0  9.999E-38  3.586E+18  9.616E+17 2.208E-04  203.7   748  2.388E+13  4.286E+16  9.999E-38  9.999E-38   74.2   72.5    4.0    4.0    3.0    3.0    3.0    6.0    3.2
2008  1  1   1  6.00   20.0  -25.0  125.0  9.999E-38  1.543E+18  4.137E+17 9.498E-05  204.1   748  1.027E+13  1.844E+16  9.999E-38  9.999E-38   74.2   72.5    4.0    4.0    3.0    3.0    3.0    6.0    3.2
2008  1  1   1  6.00   25.0  -25.0  125.0  9.999E-38  6.468E+17  1.734E+17 3.982E-05  218.2   748  4.307E+12  7.730E+15  9.999E-38  9.999E-38   74.2   72.5    4.0    4.0    3.0    3.0    3.0    6.0    3.2
2008  1  1   1  6.00   30.0  -25.0  125.0  9.999E-38  2.911E+17  7.807E+16 1.792E-05  227.2   748  1.939E+12  3.480E+15  9.999E-38  9.999E-38   74.2   72.5    4.0    4.0    3.0    3.0    3.0    6.0    3.2
2008  1  1   1  6.00   35.0  -25.0  125.0  9.999E-38  1.342E+17  3.600E+16 8.264E-06  238.3   748  8.940E+11  1.604E+15  9.999E-38  9.999E-38   74.2   72.5    4.0    4.0    3.0    3.0    3.0    6.0    3.2
2008  1  1   1  6.00   40.0  -25.0  125.0  9.999E-38  6.396E+16  1.715E+16 3.938E-06  251.2   748  4.260E+11  7.644E+14  9.999E-38  9.999E-38   74.2   72.5    4.0    4.0    3.0    3.0    3.0    6.0    3.2
2008  1  1   1  6.00   45.0  -25.0  125.0  9.999E-38  3.192E+16  8.558E+15 1.965E-06  261.5   748  2.125E+11  3.814E+14  9.999E-38  9.999E-38   74.2   72.5    4.0    4.0    3.0    3.0    3.0    6.0    3.2
2008  1  1   1  6.00   50.0  -25.0  125.0  9.999E-38  1.685E+16  4.519E+15 1.037E-06  260.8   748  1.122E+11  2.014E+14  9.999E-38  9.999E-38   74.2   72.5    4.0    4.0    3.0    3.0    3.0    6.0    3.2
2008  1  1   1  6.00   55.0  -25.0  125.0  6.625E+09  9.055E+15  2.428E+15 5.574E-07  252.9   748  6.030E+10  1.082E+14  9.999E-38  9.999E-38   74.2   72.5    4.0    4.0    3.0    3.0    3.0    6.0    3.2
2008  1  1   1  6.00   60.0  -25.0  125.0  7.388E+09  4.836E+15  1.297E+15 2.977E-07  240.2   748  3.221E+10  5.780E+13  9.999E-38  9.999E-38   74.2   72.5    4.0    4.0    3.0    3.0    3.0    6.0    3.2
2008  1  1   1  6.00   65.0  -25.0  125.0  7.038E+09  2.511E+15  6.734E+14 1.546E-07  225.7   748  1.672E+10  3.001E+13  9.999E-38  9.999E-38   74.2   72.5    4.0    4.0    3.0    3.0    3.0    6.0    3.2
2008  1  1   1  6.00   70.0  -25.0  125.0  6.252E+09  1.250E+15  3.351E+14 7.694E-08  210.8   748  8.323E+09  1.494E+13  9.999E-38  9.999E-38   74.2   72.5    4.0    4.0    3.0    3.0    3.0    6.0    3.2
2008  1  1   1  6.00   75.0  -25.0  125.0  5.980E+09  5.788E+14  1.552E+14 3.563E-08  203.2   748  3.854E+09  6.917E+12  9.999E-38  9.999E-38   74.2   72.5    4.0    4.0    3.0    3.0    3.0    6.0    3.2
2008  1  1   1  6.00   80.0  -25.0  125.0  5.316E+09  2.649E+14  7.104E+13 1.631E-08  191.1   748  1.788E+09  3.166E+12  2.428E+08  9.999E-38   74.2   72.5    4.0    4.0    3.0    3.0    3.0    6.0    3.2
2008  1  1   1  6.00   85.0  -25.0  125.0  4.381E+10  1.131E+14  3.030E+13 6.961E-09  184.1   748  8.077E+08  1.350E+12  2.141E+08  9.999E-38   74.2   72.5    4.0    4.0    3.0    3.0    3.0    6.0    3.2
2008  1  1   1  6.00   90.0  -25.0  125.0  3.166E+11  4.677E+13  1.242E+13 2.880E-09  179.9   748  3.780E+08  5.497E+11  1.192E+08  9.999E-38   74.2   72.5    4.0    4.0    3.0    3.0    3.0    6.0    3.2
2008  1  1   1  6.00   95.0  -25.0  125.0  7.041E+11  1.907E+13  4.927E+12 1.182E-09  176.5   748  1.988E+08  2.132E+11  6.860E+07  2.642E+04   74.2   72.5    4.0    4.0    3.0    3.0    3.0    6.0    3.2
2008  1  1   1  6.00  100.0  -25.0  125.0  5.121E+11  7.525E+12  1.848E+12 4.668E-10  178.6   748  1.157E+08  7.528E+10  4.114E+07  4.922E+04   74.2   72.5    4.0    4.0    3.0    3.0    3.0    6.0    3.2
2008  1  1   1  6.00  105.0  -25.0  125.0  1.999E+11  2.871E+12  6.528E+11 1.752E-10  195.6   748  7.243E+07  2.391E+10  2.479E+07  8.439E+04   74.2   72.5    4.0    4.0    3.0    3.0    3.0    6.0    3.2
2008  1  1   1  6.00  110.0  -25.0  125.0  9.981E+10  1.102E+12  2.291E+11 6.658E-11  241.0   748  4.668E+07  7.467E+09  1.468E+07  1.363E+05   74.2   72.5    4.0    4.0    3.0    3.0    3.0    6.0    3.2
2008  1  1   1  6.00  115.0  -25.0  125.0  5.846E+10  4.708E+11  8.971E+10 2.839E-11  314.9   748  3.060E+07  2.630E+09  8.666E+06  2.183E+05   74.2   72.5    4.0    4.0    3.0    3.0    3.0    6.0    3.2
2008  1  1   1  6.00  120.0  -25.0  125.0  3.958E+10  2.443E+11  4.289E+10 1.477E-11  384.8   748  2.247E+07  1.144E+09  5.718E+06  3.701E+05   74.2   72.5    4.0    4.0    3.0    3.0    3.0    6.0    3.2
2008  1  1   1  6.00  125.0  -25.0  125.0  2.977E+10  1.472E+11  2.394E+10 8.951E-12  432.8   748  1.820E+07  5.834E+08  4.222E+06  6.414E+05   74.2   72.5    4.0    4.0    3.0    3.0    3.0    6.0    3.2
2008  1  1   1  6.00  130.0  -25.0  125.0  2.321E+10  9.526E+10  1.441E+10 5.835E-12  470.7   748  1.538E+07  3.221E+08  3.276E+06  1.059E+06   74.2   72.5    4.0    4.0    3.0    3.0    3.0    6.0    3.2
2008  1  1   1  6.00  135.0  -25.0  125.0  1.842E+10  6.427E+10  9.075E+09 3.974E-12  504.1   748  1.328E+07  1.869E+08  2.616E+06  1.641E+06   74.2   72.5    4.0    4.0    3.0    3.0    3.0    6.0    3.2
2008  1  1   1  6.00  140.0  -25.0  125.0  1.485E+10  4.479E+10  5.925E+09 2.800E-12  533.4   748  1.167E+07  1.126E+08  2.138E+06  2.405E+06   74.2   72.5    4.0    4.0    3.0    3.0    3.0    6.0    3.2
2008  1  1   1  6.00  145.0  -25.0  125.0  1.215E+10  3.201E+10  3.983E+09 2.028E-12  559.1   748  1.039E+07  7.000E+07  1.782E+06  3.346E+06   74.2   72.5    4.0    4.0    3.0    3.0    3.0    6.0    3.2
2008  1  1   1  6.00  150.0  -25.0  125.0  1.005E+10  2.335E+10  2.741E+09 1.502E-12  581.7   748  9.363E+06  4.469E+07  1.510E+06  4.426E+06   74.2   72.5    4.0    4.0    3.0    3.0    3.0    6.0    3.2
2008  1  1   1  6.00  155.0  -25.0  125.0  8.389E+09  1.731E+10  1.925E+09 1.132E-12  601.6   748  8.514E+06  2.918E+07  1.298E+06  5.577E+06   74.2   72.5    4.0    4.0    3.0    3.0    3.0    6.0    3.2
2008  1  1   1  6.00  160.0  -25.0  125.0  7.059E+09  1.300E+10  1.374E+09 8.670E-13  619.1   748  7.804E+06  1.941E+07  1.132E+06  6.716E+06   74.2   72.5    4.0    4.0    3.0    3.0    3.0    6.0    3.2
2008  1  1   1  6.00  165.0  -25.0  125.0  5.982E+09  9.882E+09  9.948E+08 6.726E-13  634.5   748  7.204E+06  1.312E+07  1.001E+06  7.751E+06   74.2   72.5    4.0    4.0    3.0    3.0    3.0    6.0    3.2
2008  1  1   1  6.00  170.0  -25.0  125.0  5.101E+09  7.580E+09  7.291E+08 5.277E-13  648.0   748  6.693E+06  8.987E+06  8.959E+05  8.605E+06   74.2   72.5    4.0    4.0    3.0    3.0    3.0    6.0    3.2
2008  1  1   1  6.00  175.0  -25.0  125.0  4.373E+09  5.861E+09  5.399E+08 4.182E-13  659.9   748  6.252E+06  6.228E+06  8.114E+05  9.226E+06   74.2   72.5    4.0    4.0    3.0    3.0    3.0    6.0    3.2
2008  1  1   1  6.00  180.0  -25.0  125.0  3.766E+09  4.563E+09  4.034E+08 3.343E-13  670.4   748  5.868E+06  4.359E+06  7.430E+05  9.593E+06   74.2   72.5    4.0    4.0    3.0    3.0    3.0    6.0    3.2
2008  1  1   1  6.00  185.0  -25.0  125.0  3.257E+09  3.573E+09  3.037E+08 2.694E-13  679.6   748  5.533E+06  3.078E+06  6.873E+05  9.712E+06   74.2   72.5    4.0    4.0    3.0    3.0    3.0    6.0    3.2
2008  1  1   1  6.00  190.0  -25.0  125.0  2.827E+09  2.813E+09  2.302E+08 2.186E-13  687.7   748  5.237E+06  2.189E+06  6.417E+05  9.614E+06   74.2   72.5    4.0    4.0    3.0    3.0    3.0    6.0    3.2
2008  1  1   1  6.00  195.0  -25.0  125.0  2.461E+09  2.224E+09  1.755E+08 1.785E-13  694.8   748  4.973E+06  1.567E+06  6.042E+05  9.339E+06   74.2   72.5    4.0    4.0    3.0    3.0    3.0    6.0    3.2
2008  1  1   1  6.00  200.0  -25.0  125.0  2.149E+09  1.765E+09  1.345E+08 1.466E-13  701.1   748  4.737E+06  1.128E+06  5.730E+05  8.933E+06   74.2   72.5    4.0    4.0    3.0    3.0    3.0    6.0    3.2
2008  1  1   1  6.00  205.0  -25.0  125.0  1.880E+09  1.405E+09  1.035E+08 1.211E-13  706.7   748  4.524E+06  8.157E+05  5.471E+05  8.438E+06   74.2   72.5    4.0    4.0    3.0    3.0    3.0    6.0    3.2
2008  1  1   1  6.00  210.0  -25.0  125.0  1.649E+09  1.122E+09  7.994E+07 1.005E-13  711.6   748  4.331E+06  5.925E+05  5.253E+05  7.890E+06   74.2   72.5    4.0    4.0    3.0    3.0    3.0    6.0    3.2
2008  1  1   1  6.00  215.0  -25.0  125.0  1.448E+09  8.983E+08  6.195E+07 8.379E-14  715.9   748  4.154E+06  4.320E+05  5.068E+05  7.318E+06   74.2   72.5    4.0    4.0    3.0    3.0    3.0    6.0    3.2
2008  1  1   1  6.00  220.0  -25.0  125.0  1.274E+09  7.209E+08  4.815E+07 7.016E-14  719.7   748  3.991E+06  3.160E+05  4.911E+05  6.744E+06   74.2   72.5    4.0    4.0    3.0    3.0    3.0    6.0    3.2
2008  1  1   1  6.00  225.0  -25.0  125.0  1.123E+09  5.797E+08  3.752E+07 5.898E-14  723.0   748  3.840E+06  2.318E+05  4.776E+05  6.185E+06   74.2   72.5    4.0    4.0    3.0    3.0    3.0    6.0    3.2
2008  1  1   1  6.00  230.0  -25.0  125.0  9.908E+08  4.670E+08  2.930E+07 4.977E-14  725.9   748  3.700E+06  1.704E+05  4.659E+05  5.650E+06   74.2   72.5    4.0    4.0    3.0    3.0    3.0    6.0    3.2
2008  1  1   1  6.00  235.0  -25.0  125.0  8.752E+08  3.768E+08  2.292E+07 4.215E-14  728.5   748  3.569E+06  1.256E+05  4.558E+05  5.146E+06   74.2   72.5    4.0    4.0    3.0    3.0    3.0    6.0    3.2
2008  1  1   1  6.00  240.0  -25.0  125.0  7.739E+08  3.045E+08  1.797E+07 3.582E-14  730.8   748  3.445E+06  9.278E+04  4.468E+05  4.676E+06   74.2   72.5    4.0    4.0    3.0    3.0    3.0    6.0    3.2
2008  1  1   1  6.00  245.0  -25.0  125.0  6.849E+08  2.464E+08  1.411E+07 3.053E-14  732.9   748  3.329E+06  6.865E+04  4.389E+05  4.242E+06   74.2   72.5    4.0    4.0    3.0    3.0    3.0    6.0    3.2
2008  1  1   1  6.00  250.0  -25.0  125.0  6.066E+08  1.996E+08  1.109E+07 2.610E-14  734.6   748  3.219E+06  5.087E+04  4.318E+05  3.843E+06   74.2   72.5    4.0    4.0    3.0    3.0    3.0    6.0    3.2
2008  1  1   1  6.00  255.0  -25.0  125.0  5.377E+08  1.618E+08  8.729E+06 2.238E-14  736.2   748  3.115E+06  3.776E+04  4.255E+05  3.479E+06   74.2   72.5    4.0    4.0    3.0    3.0    3.0    6.0    3.2
2008  1  1   1  6.00  260.0  -25.0  125.0  4.769E+08  1.314E+08  6.879E+06 1.924E-14  737.6   748  3.016E+06  2.806E+04  4.197E+05  3.147E+06   74.2   72.5    4.0    4.0    3.0    3.0    3.0    6.0    3.2
2008  1  1   1  6.00  265.0  -25.0  125.0  4.233E+08  1.067E+08  5.427E+06 1.659E-14  738.8   748  2.921E+06  2.088E+04  4.144E+05  2.845E+06   74.2   72.5    4.0    4.0    3.0    3.0    3.0    6.0    3.2
2008  1  1   1  6.00  270.0  -25.0  125.0  3.759E+08  8.680E+07  4.285E+06 1.433E-14  739.9   748  2.831E+06  1.556E+04  4.095E+05  2.571E+06   74.2   72.5    4.0    4.0    3.0    3.0    3.0    6.0    3.2
2008  1  1   1  6.00  275.0  -25.0  125.0  3.340E+08  7.064E+07  3.387E+06 1.241E-14  740.9   748  2.744E+06  1.160E+04  4.049E+05  2.324E+06   74.2   72.5    4.0    4.0    3.0    3.0    3.0    6.0    3.2
2008  1  1   1  6.00  280.0  -25.0  125.0  2.969E+08  5.752E+07  2.679E+06 1.077E-14  741.7   748  2.661E+06  8.659E+03  4.007E+05  2.100E+06   74.2   72.5    4.0    4.0    3.0    3.0    3.0    6.0    3.2
2008  1  1   1  6.00  285.0  -25.0  125.0  2.640E+08  4.688E+07  2.120E+06 9.370E-15  742.5   748  2.581E+06  6.470E+03  3.967E+05  1.898E+06   74.2   72.5    4.0    4.0    3.0    3.0    3.0    6.0    3.2
2008  1  1   1  6.00  290.0  -25.0  125.0  2.349E+08  3.822E+07  1.680E+06 8.165E-15  743.1   748  2.504E+06  4.838E+03  3.929E+05  1.715E+06   74.2   72.5    4.0    4.0    3.0    3.0    3.0    6.0    3.2
2008  1  1   1  6.00  295.0  -25.0  125.0  2.090E+08  3.119E+07  1.331E+06 7.128E-15  743.7   748  2.430E+06  3.620E+03  3.893E+05  1.550E+06   74.2   72.5    4.0    4.0    3.0    3.0    3.0    6.0    3.2
2008  1  1   1  6.00  300.0  -25.0  125.0  1.861E+08  2.546E+07  1.056E+06 6.234E-15  744.2   748  2.359E+06  2.711E+03  3.858E+05  1.401E+06   74.2   72.5    4.0    4.0    3.0    3.0    3.0    6.0    3.2
2008  1  1   1  6.00  305.0  -25.0  125.0  1.657E+08  2.079E+07  8.380E+05 5.461E-15  744.7   748  2.290E+06  2.032E+03  3.825E+05  1.267E+06   74.2   72.5    4.0    4.0    3.0    3.0    3.0    6.0    3.2
2008  1  1   1  6.00  310.0  -25.0  125.0  1.477E+08  1.699E+07  6.654E+05 4.791E-15  745.1   748  2.224E+06  1.524E+03  3.792E+05  1.145E+06   74.2   72.5    4.0    4.0    3.0    3.0    3.0    6.0    3.2
2008  1  1   1  6.00  315.0  -25.0  125.0  1.316E+08  1.389E+07  5.287E+05 4.209E-15  745.4   748  2.159E+06  1.144E+03  3.761E+05  1.036E+06   74.2   72.5    4.0    4.0    3.0    3.0    3.0    6.0    3.2
2008  1  1   1  6.00  320.0  -25.0  125.0  1.173E+08  1.136E+07  4.202E+05 3.703E-15  745.7   748  2.097E+06  8.587E+02  3.731E+05  9.367E+05   74.2   72.5    4.0    4.0    3.0    3.0    3.0    6.0    3.2
2008  1  1   1  6.00  325.0  -25.0  125.0  1.046E+08  9.296E+06  3.342E+05 3.262E-15  746.0   748  2.037E+06  6.452E+02  3.702E+05  8.473E+05   74.2   72.5    4.0    4.0    3.0    3.0    3.0    6.0    3.2
2008  1  1   1  6.00  330.0  -25.0  125.0  9.326E+07  7.610E+06  2.659E+05 2.878E-15  746.3   748  1.979E+06  4.850E+02  3.673E+05  7.666E+05   74.2   72.5    4.0    4.0    3.0    3.0    3.0    6.0    3.2
2008  1  1   1  6.00  335.0  -25.0  125.0  8.320E+07  6.232E+06  2.116E+05 2.541E-15  746.5   748  1.923E+06  3.648E+02  3.645E+05  6.938E+05   74.2   72.5    4.0    4.0    3.0    3.0    3.0    6.0    3.2
2008  1  1   1  6.00  340.0  -25.0  125.0  7.423E+07  5.105E+06  1.685E+05 2.246E-15  746.7   748  1.868E+06  2.746E+02  3.617E+05  6.279E+05   74.2   72.5    4.0    4.0    3.0    3.0    3.0    6.0    3.2
2008  1  1   1  6.00  345.0  -25.0  125.0  6.625E+07  4.184E+06  1.343E+05 1.988E-15  746.9   748  1.816E+06  2.067E+02  3.590E+05  5.685E+05   74.2   72.5    4.0    4.0    3.0    3.0    3.0    6.0    3.2
2008  1  1   1  6.00  350.0  -25.0  125.0  5.914E+07  3.430E+06  1.070E+05 1.761E-15  747.0   748  1.764E+06  1.558E+02  3.563E+05  5.147E+05   74.2   72.5    4.0    4.0    3.0    3.0    3.0    6.0    3.2
2008  1  1   1  6.00  355.0  -25.0  125.0  5.280E+07  2.813E+06  8.533E+04 1.561E-15  747.1   748  1.715E+06  1.174E+02  3.537E+05  4.661E+05   74.2   72.5    4.0    4.0    3.0    3.0    3.0    6.0    3.2
2008  1  1   1  6.00  360.0  -25.0  125.0  4.716E+07  2.308E+06  6.807E+04 1.385E-15  747.3   748  1.667E+06  8.854E+01  3.511E+05  4.222E+05   74.2   72.5    4.0    4.0    3.0    3.0    3.0    6.0    3.2
2008  1  1   1  6.00  365.0  -25.0  125.0  4.212E+07  1.894E+06  5.431E+04 1.230E-15  747.4   748  1.620E+06  6.680E+01  3.486E+05  3.824E+05   74.2   72.5    4.0    4.0    3.0    3.0    3.0    6.0    3.2
2008  1  1   1  6.00  370.0  -25.0  125.0  3.763E+07  1.555E+06  4.336E+04 1.094E-15  747.5   748  1.575E+06  5.042E+01  3.460E+05  3.465E+05   74.2   72.5    4.0    4.0    3.0    3.0    3.0    6.0    3.2
2008  1  1   1  6.00  375.0  -25.0  125.0  3.363E+07  1.277E+06  3.462E+04 9.727E-16  747.5   748  1.531E+06  3.808E+01  3.436E+05  3.140E+05   74.2   72.5    4.0    4.0    3.0    3.0    3.0    6.0    3.2
2008  1  1   1  6.00  380.0  -25.0  125.0  3.005E+07  1.049E+06  2.766E+04 8.659E-16  747.6   748  1.489E+06  2.877E+01  3.411E+05  2.846E+05   74.2   72.5    4.0    4.0    3.0    3.0    3.0    6.0    3.2
2008  1  1   1  6.00  385.0  -25.0  125.0  2.687E+07  8.622E+05  2.211E+04 7.713E-16  747.7   748  1.447E+06  2.175E+01  3.387E+05  2.580E+05   74.2   72.5    4.0    4.0    3.0    3.0    3.0    6.0    3.2
2008  1  1   1  6.00  390.0  -25.0  125.0  2.402E+07  7.088E+05  1.767E+04 6.875E-16  747.7   748  1.407E+06  1.645E+01  3.363E+05  2.339E+05   74.2   72.5    4.0    4.0    3.0    3.0    3.0    6.0    3.2
2008  1  1   1  6.00  395.0  -25.0  125.0  2.148E+07  5.828E+05  1.413E+04 6.132E-16  747.8   748  1.369E+06  1.244E+01  3.339E+05  2.121E+05   74.2   72.5    4.0    4.0    3.0    3.0    3.0    6.0    3.2
2008  1  1   1  6.00  400.0  -25.0  125.0  1.921E+07  4.794E+05  1.131E+04 5.473E-16  747.8   748  1.331E+06  9.418E+00  3.316E+05  1.924E+05   74.2   72.5    4.0    4.0    3.0    3.0    3.0    6.0    3.2
2008  1  1   1  6.00  405.0  -25.0  125.0  1.719E+07  3.945E+05  9.049E+03 4.887E-16  747.9   748  1.294E+06  7.131E+00  3.292E+05  1.745E+05   74.2   72.5    4.0    4.0    3.0    3.0    3.0    6.0    3.2
2008  1  1   1  6.00  410.0  -25.0  125.0  1.538E+07  3.247E+05  7.244E+03 4.367E-16  747.9   748  1.259E+06  5.402E+00  3.269E+05  1.583E+05   74.2   72.5    4.0    4.0    3.0    3.0    3.0    6.0    3.2
2008  1  1   1  6.00  415.0  -25.0  125.0  1.376E+07  2.673E+05  5.802E+03 3.905E-16  747.9   748  1.224E+06  4.094E+00  3.246E+05  1.436E+05   74.2   72.5    4.0    4.0    3.0    3.0    3.0    6.0    3.2
2008  1  1   1  6.00  420.0  -25.0  125.0  1.232E+07  2.201E+05  4.648E+03 3.493E-16  748.0   748  1.191E+06  3.104E+00  3.224E+05  1.303E+05   74.2   72.5    4.0    4.0    3.0    3.0    3.0    6.0    3.2
2008  1  1   1  6.00  425.0  -25.0  125.0  1.103E+07  1.814E+05  3.725E+03 3.127E-16  748.0   748  1.158E+06  2.355E+00  3.202E+05  1.183E+05   74.2   72.5    4.0    4.0    3.0    3.0    3.0    6.0    3.2
2008  1  1   1  6.00  430.0  -25.0  125.0  9.872E+06  1.494E+05  2.986E+03 2.800E-16  748.0   748  1.126E+06  1.787E+00  3.179E+05  1.074E+05   74.2   72.5    4.0    4.0    3.0    3.0    3.0    6.0    3.2
2008  1  1   1  6.00  435.0  -25.0  125.0  8.841E+06  1.232E+05  2.395E+03 2.509E-16  748.0   748  1.096E+06  1.357E+00  3.157E+05  9.750E+04   74.2   72.5    4.0    4.0    3.0    3.0    3.0    6.0    3.2
2008  1  1   1  6.00  440.0  -25.0  125.0  7.918E+06  1.016E+05  1.921E+03 2.250E-16  748.1   748  1.066E+06  1.030E+00  3.136E+05  8.853E+04   74.2   72.5    4.0    4.0    3.0    3.0    3.0    6.0    3.2
2008  1  1   1  6.00  445.0  -25.0  125.0  7.093E+06  8.377E+04  1.542E+03 2.019E-16  748.1   748  1.037E+06  7.828E-01  3.114E+05  8.040E+04   74.2   72.5    4.0    4.0    3.0    3.0    3.0    6.0    3.2
2008  1  1   1  6.00  450.0  -25.0  125.0  6.355E+06  6.911E+04  1.238E+03 1.812E-16  748.1   748  1.009E+06  5.950E-01  3.093E+05  7.303E+04   74.2   72.5    4.0    4.0    3.0    3.0    3.0    6.0    3.2
2008  1  1   1  6.00  455.0  -25.0  125.0  5.695E+06  5.703E+04  9.937E+02 1.628E-16  748.1   748  9.816E+05  4.524E-01  3.072E+05  6.634E+04   74.2   72.5    4.0    4.0    3.0    3.0    3.0    6.0    3.2
2008  1  1   1  6.00  460.0  -25.0  125.0  5.104E+06  4.708E+04  7.982E+02 1.463E-16  748.1   748  9.551E+05  3.442E-01  3.051E+05  6.027E+04   74.2   72.5    4.0    4.0    3.0    3.0    3.0    6.0    3.2
2008  1  1   1  6.00  465.0  -25.0  125.0  4.575E+06  3.888E+04  6.414E+02 1.315E-16  748.1   748  9.293E+05  2.619E-01  3.030E+05  5.477E+04   74.2   72.5    4.0    4.0    3.0    3.0    3.0    6.0    3.2
2008  1  1   1  6.00  470.0  -25.0  125.0  4.102E+06  3.211E+04  5.156E+02 1.184E-16  748.1   748  9.043E+05  1.994E-01  3.009E+05  4.978E+04   74.2   72.5    4.0    4.0    3.0    3.0    3.0    6.0    3.2
2008  1  1   1  6.00  475.0  -25.0  125.0  3.678E+06  2.653E+04  4.145E+02 1.066E-16  748.1   748  8.800E+05  1.519E-01  2.989E+05  4.524E+04   74.2   72.5    4.0    4.0    3.0    3.0    3.0    6.0    3.2
2008  1  1   1  6.00  480.0  -25.0  125.0  3.299E+06  2.192E+04  3.334E+02 9.604E-17  748.1   748  8.563E+05  1.157E-01  2.968E+05  4.113E+04   74.2   72.5    4.0    4.0    3.0    3.0    3.0    6.0    3.2
2008  1  1   1  6.00  485.0  -25.0  125.0  2.959E+06  1.812E+04  2.683E+02 8.659E-17  748.1   748  8.334E+05  8.822E-02  2.948E+05  3.740E+04   74.2   72.5    4.0    4.0    3.0    3.0    3.0    6.0    3.2
2008  1  1   1  6.00  490.0  -25.0  125.0  2.654E+06  1.499E+04  2.159E+02 7.813E-17  748.2   748  8.110E+05  6.728E-02  2.928E+05  3.401E+04   74.2   72.5    4.0    4.0    3.0    3.0    3.0    6.0    3.2
2008  1  1   1  6.00  495.0  -25.0  125.0  2.382E+06  1.240E+04  1.738E+02 7.055E-17  748.2   748  7.894E+05  5.132E-02  2.908E+05  3.093E+04   74.2   72.5    4.0    4.0    3.0    3.0    3.0    6.0    3.2
2008  1  1   1  6.00  500.0  -25.0  125.0  2.137E+06  1.026E+04  1.400E+02 6.375E-17  748.2   748  7.683E+05  3.917E-02  2.889E+05  2.813E+04   74.2   72.5    4.0    4.0    3.0    3.0    3.0    6.0    3.2
2008  1  1   1  6.00  505.0  -25.0  125.0  1.918E+06  8.488E+03  1.128E+02 5.766E-17  748.2   748  7.478E+05  2.991E-02  2.869E+05  2.559E+04   74.2   72.5    4.0    4.0    3.0    3.0    3.0    6.0    3.2
2008  1  1   1  6.00  510.0  -25.0  125.0  1.722E+06  7.026E+03  9.088E+01 5.219E-17  748.2   748  7.279E+05  2.284E-02  2.850E+05  2.328E+04   74.2   72.5    4.0    4.0    3.0    3.0    3.0    6.0    3.2
2008  1  1   1  6.00  515.0  -25.0  125.0  1.546E+06  5.818E+03  7.326E+01 4.728E-17  748.2   748  7.085E+05  1.745E-02  2.831E+05  2.119E+04   74.2   72.5    4.0    4.0    3.0    3.0    3.0    6.0    3.2
2008  1  1   1  6.00  520.0  -25.0  125.0  1.388E+06  4.819E+03  5.908E+01 4.287E-17  748.2   748  6.897E+05  1.334E-02  2.812E+05  1.928E+04   74.2   72.5    4.0    4.0    3.0    3.0    3.0    6.0    3.2
2008  1  1   1  6.00  525.0  -25.0  125.0  1.247E+06  3.993E+03  4.765E+01 3.892E-17  748.2   748  6.714E+05  1.020E-02  2.793E+05  1.755E+04   74.2   72.5    4.0    4.0    3.0    3.0    3.0    6.0    3.2
2008  1  1   1  6.00  530.0  -25.0  125.0  1.120E+06  3.309E+03  3.845E+01 3.536E-17  748.2   748  6.537E+05  7.804E-03  2.774E+05  1.598E+04   74.2   72.5    4.0    4.0    3.0    3.0    3.0    6.0    3.2
2008  1  1   1  6.00  535.0  -25.0  125.0  1.006E+06  2.743E+03  3.103E+01 3.216E-17  748.2   748  6.364E+05  5.973E-03  2.756E+05  1.455E+04   74.2   72.5    4.0    4.0    3.0    3.0    3.0    6.0    3.2
2008  1  1   1  6.00  540.0  -25.0  125.0  9.042E+05  2.274E+03  2.506E+01 2.928E-17  748.2   748  6.196E+05  4.573E-03  2.737E+05  1.325E+04   74.2   72.5    4.0    4.0    3.0    3.0    3.0    6.0    3.2
2008  1  1   1  6.00  545.0  -25.0  125.0  8.126E+05  1.886E+03  2.024E+01 2.669E-17  748.2   748  6.033E+05  3.502E-03  2.719E+05  1.206E+04   74.2   72.5    4.0    4.0    3.0    3.0    3.0    6.0    3.2
2008  1  1   1  6.00  550.0  -25.0  125.0  7.304E+05  1.565E+03  1.635E+01 2.436E-17  748.2   748  5.874E+05  2.683E-03  2.701E+05  1.099E+04   74.2   72.5    4.0    4.0    3.0    3.0    3.0    6.0    3.2
2008  1  1   1  6.00  555.0  -25.0  125.0  6.566E+05  1.299E+03  1.321E+01 2.225E-17  748.2   748  5.720E+05  2.057E-03  2.683E+05  1.001E+04   74.2   72.5    4.0    4.0    3.0    3.0    3.0    6.0    3.2
2008  1  1   1  6.00  560.0  -25.0  125.0  5.903E+05  1.078E+03  1.068E+01 2.036E-17  748.2   748  5.569E+05  1.577E-03  2.665E+05  9.120E+03   74.2   72.5    4.0    4.0    3.0    3.0    3.0    6.0    3.2
2008  1  1   1  6.00  565.0  -25.0  125.0  5.309E+05  8.951E+02  8.637E+00 1.865E-17  748.2   748  5.423E+05  1.210E-03  2.648E+05  8.311E+03   74.2   72.5    4.0    4.0    3.0    3.0    3.0    6.0    3.2
2008  1  1   1  6.00  570.0  -25.0  125.0  4.774E+05  7.435E+02  6.986E+00 1.711E-17  748.2   748  5.282E+05  9.283E-04  2.630E+05  7.574E+03   74.2   72.5    4.0    4.0    3.0    3.0    3.0    6.0    3.2
2008  1  1   1  6.00  575.0  -25.0  125.0  4.295E+05  6.176E+02  5.653E+00 1.572E-17  748.2   748  5.144E+05  7.126E-04  2.613E+05  6.903E+03   74.2   72.5    4.0    4.0    3.0    3.0    3.0    6.0    3.2
2008  1  1   1  6.00  580.0  -25.0  125.0  3.864E+05  5.132E+02  4.575E+00 1.446E-17  748.2   748  5.009E+05  5.472E-04  2.596E+05  6.293E+03   74.2   72.5    4.0    4.0    3.0    3.0    3.0    6.0    3.2
2008  1  1   1  6.00  585.0  -25.0  125.0  3.477E+05  4.266E+02  3.704E+00 1.332E-17  748.2   748  4.879E+05  4.204E-04  2.579E+05  5.737E+03   74.2   72.5    4.0    4.0    3.0    3.0    3.0    6.0    3.2
2008  1  1   1  6.00  590.0  -25.0  125.0  3.129E+05  3.547E+02  3.000E+00 1.230E-17  748.2   748  4.752E+05  3.231E-04  2.562E+05  5.231E+03   74.2   72.5    4.0    4.0    3.0    3.0    3.0    6.0    3.2
2008  1  1   1  6.00  595.0  -25.0  125.0  2.816E+05  2.950E+02  2.430E+00 1.136E-17  748.2   748  4.629E+05  2.484E-04  2.545E+05  4.771E+03   74.2   72.5    4.0    4.0    3.0    3.0    3.0    6.0    3.2
2008  1  1   1  6.00  600.0  -25.0  125.0  2.535E+05  2.454E+02  1.969E+00 1.052E-17  748.2   748  4.508E+05  1.911E-04  2.528E+05  4.351E+03   74.2   72.5    4.0    4.0    3.0    3.0    3.0    6.0    3.2
2008  1  1   1  6.00  605.0  -25.0  125.0  2.282E+05  2.042E+02  1.596E+00 9.757E-18  748.2   748  4.392E+05  1.470E-04  2.512E+05  3.969E+03   74.2   72.5    4.0    4.0    3.0    3.0    3.0    6.0    3.2
2008  1  1   1  6.00  610.0  -25.0  125.0  2.055E+05  1.700E+02  1.295E+00 9.063E-18  748.2   748  4.278E+05  1.132E-04  2.495E+05  3.621E+03   74.2   72.5    4.0    4.0    3.0    3.0    3.0    6.0    3.2
2008  1  1   1  6.00  615.0  -25.0  125.0  1.851E+05  1.415E+02  1.050E+00 8.433E-18  748.2   748  4.168E+05  8.713E-05  2.479E+05  3.304E+03   74.2   72.5    4.0    4.0    3.0    3.0    3.0    6.0    3.2
2008  1  1   1  6.00  620.0  -25.0  125.0  1.667E+05  1.178E+02  8.519E-01 7.860E-18  748.2   748  4.060E+05  6.712E-05  2.463E+05  3.015E+03   74.2   72.5    4.0    4.0    3.0    3.0    3.0    6.0    3.2
2008  1  1   1  6.00  625.0  -25.0  125.0  1.502E+05  9.815E+01  6.914E-01 7.339E-18  748.2   748  3.955E+05  5.172E-05  2.447E+05  2.752E+03   74.2   72.5    4.0    4.0    3.0    3.0    3.0    6.0    3.2
2008  1  1   1  6.00  630.0  -25.0  125.0  1.353E+05  8.178E+01  5.613E-01 6.864E-18  748.2   748  3.854E+05  3.987E-05  2.431E+05  2.512E+03   74.2   72.5    4.0    4.0    3.0    3.0    3.0    6.0    3.2
2008  1  1   1  6.00  635.0  -25.0  125.0  1.220E+05  6.815E+01  4.558E-01 6.432E-18  748.2   748  3.755E+05  3.075E-05  2.415E+05  2.293E+03   74.2   72.5    4.0    4.0    3.0    3.0    3.0    6.0    3.2
2008  1  1   1  6.00  640.0  -25.0  125.0  1.099E+05  5.681E+01  3.703E-01 6.037E-18  748.2   748  3.658E+05  2.372E-05  2.400E+05  2.094E+03   74.2   72.5    4.0    4.0    3.0    3.0    3.0    6.0    3.2
2008  1  1   1  6.00  645.0  -25.0  125.0  9.909E+04  4.737E+01  3.009E-01 5.677E-18  748.2   748  3.565E+05  1.830E-05  2.384E+05  1.912E+03   74.2   72.5    4.0    4.0    3.0    3.0    3.0    6.0    3.2
2008  1  1   1  6.00  650.0  -25.0  125.0  8.933E+04  3.951E+01  2.446E-01 5.347E-18  748.2   748  3.474E+05  1.413E-05  2.369E+05  1.746E+03   74.2   72.5    4.0    4.0    3.0    3.0    3.0    6.0    3.2
2008  1  1   1  6.00  655.0  -25.0  125.0  8.055E+04  3.296E+01  1.988E-01 5.046E-18  748.2   748  3.385E+05  1.091E-05  2.353E+05  1.595E+03   74.2   72.5    4.0    4.0    3.0    3.0    3.0    6.0    3.2
2008  1  1   1  6.00  660.0  -25.0  125.0  7.264E+04  2.751E+01  1.617E-01 4.769E-18  748.2   748  3.299E+05  8.432E-06  2.338E+05  1.457E+03   74.2   72.5    4.0    4.0    3.0    3.0    3.0    6.0    3.2
2008  1  1   1  6.00  665.0  -25.0  125.0  6.552E+04  2.296E+01  1.316E-01 4.515E-18  748.2   748  3.215E+05  6.517E-06  2.323E+05  1.331E+03   74.2   72.5    4.0    4.0    3.0    3.0    3.0    6.0    3.2
2008  1  1   1  6.00  670.0  -25.0  125.0  5.911E+04  1.917E+01  1.071E-01 4.282E-18  748.2   748  3.133E+05  5.038E-06  2.308E+05  1.216E+03   74.2   72.5    4.0    4.0    3.0    3.0    3.0    6.0    3.2
2008  1  1   1  6.00  675.0  -25.0  125.0  5.333E+04  1.601E+01  8.715E-02 4.067E-18  748.2   748  3.053E+05  3.897E-06  2.294E+05  1.111E+03   74.2   72.5    4.0    4.0    3.0    3.0    3.0    6.0    3.2
2008  1  1   1  6.00  680.0  -25.0  125.0  4.812E+04  1.338E+01  7.096E-02 3.870E-18  748.2   748  2.976E+05  3.015E-06  2.279E+05  1.016E+03   74.2   72.5    4.0    4.0    3.0    3.0    3.0    6.0    3.2
2008  1  1   1  6.00  685.0  -25.0  125.0  4.343E+04  1.118E+01  5.780E-02 3.687E-18  748.2   748  2.900E+05  2.334E-06  2.264E+05  9.286E+02   74.2   72.5    4.0    4.0    3.0    3.0    3.0    6.0    3.2
2008  1  1   1  6.00  690.0  -25.0  125.0  3.920E+04  9.341E+00  4.709E-02 3.518E-18  748.2   748  2.827E+05  1.807E-06  2.250E+05  8.489E+02   74.2   72.5    4.0    4.0    3.0    3.0    3.0    6.0    3.2
2008  1  1   1  6.00  695.0  -25.0  125.0  3.539E+04  7.809E+00  3.838E-02 3.362E-18  748.2   748  2.756E+05  1.400E-06  2.235E+05  7.762E+02   74.2   72.5    4.0    4.0    3.0    3.0    3.0    6.0    3.2
2008  1  1   1  6.00  700.0  -25.0  125.0  3.195E+04  6.530E+00  3.128E-02 3.218E-18  748.2   748  2.686E+05  1.085E-06  2.221E+05  7.098E+02   74.2   72.5    4.0    4.0    3.0    3.0    3.0    6.0    3.2
2008  1  1   1  6.00  705.0  -25.0  125.0  2.885E+04  5.462E+00  2.551E-02 3.084E-18  748.2   748  2.619E+05  8.407E-07  2.207E+05  6.492E+02   74.2   72.5    4.0    4.0    3.0    3.0    3.0    6.0    3.2
2008  1  1   1  6.00  710.0  -25.0  125.0  2.606E+04  4.569E+00  2.081E-02 2.959E-18  748.2   748  2.553E+05  6.519E-07  2.193E+05  5.938E+02   74.2   72.5    4.0    4.0    3.0    3.0    3.0    6.0    3.2
2008  1  1   1  6.00  715.0  -25.0  125.0  2.354E+04  3.824E+00  1.698E-02 2.843E-18  748.2   748  2.489E+05  5.057E-07  2.179E+05  5.432E+02   74.2   72.5    4.0    4.0    3.0    3.0    3.0    6.0    3.2
2008  1  1   1  6.00  720.0  -25.0  125.0  2.126E+04  3.201E+00  1.386E-02 2.734E-18  748.2   748  2.426E+05  3.924E-07  2.165E+05  4.970E+02   74.2   72.5    4.0    4.0    3.0    3.0    3.0    6.0    3.2
2008  1  1   1  6.00  725.0  -25.0  125.0  1.921E+04  2.680E+00  1.131E-02 2.633E-18  748.2   748  2.365E+05  3.046E-07  2.152E+05  4.547E+02   74.2   72.5    4.0    4.0    3.0    3.0    3.0    6.0    3.2
2008  1  1   1  6.00  730.0  -25.0  125.0  1.736E+04  2.244E+00  9.238E-03 2.538E-18  748.2   748  2.306E+05  2.365E-07  2.138E+05  4.161E+02   74.2   72.5    4.0    4.0    3.0    3.0    3.0    6.0    3.2
2008  1  1   1  6.00  735.0  -25.0  125.0  1.569E+04  1.880E+00  7.546E-03 2.450E-18  748.2   748  2.249E+05  1.837E-07  2.125E+05  3.809E+02   74.2   72.5    4.0    4.0    3.0    3.0    3.0    6.0    3.2
2008  1  1   1  6.00  740.0  -25.0  125.0  1.418E+04  1.575E+00  6.165E-03 2.366E-18  748.2   748  2.193E+05  1.428E-07  2.111E+05  3.486E+02   74.2   72.5    4.0    4.0    3.0    3.0    3.0    6.0    3.2
2008  1  1   1  6.00  745.0  -25.0  125.0  1.282E+04  1.320E+00  5.039E-03 2.288E-18  748.2   748  2.138E+05  1.110E-07  2.098E+05  3.192E+02   74.2   72.5    4.0    4.0    3.0    3.0    3.0    6.0    3.2
