2008  1  1   1 12.00    0.0  -25.0  125.0  9.999E-38  1.916E+19  5.138E+18 1.180E-03  296.0   819  1.276E+14  2.290E+17  9.999E-38  9.999E-38   74.2   72.5    4.0    3.0    4.0    3.0    6.0    5.6    3.5
2008  1  1   1 12.00    5.0  -25.0  125.0  9.999E-38  1.149E+19  3.081E+18 7.072E-04  270.7   819  7.651E+13  1.373E+17  9.999E-38  9.999E-38   74.2   72.5    4.0    3.0    4.0    3.0    6.0    5.6    3.5
2008  1  1   1 12.00   10.0  -25.0  125.0  9.999E-38  6.708E+18  1.799E+18 4.130E-04  237.9   819  4.467E+13  8.017E+16  9.999E-38  9.999E-38   74.2   72.5    4.0    3.0    4.0    3.0    6.0    5.6    3.5
2008  1  1   1 12.00   15.0  -25.0  125.0  9.999E-38  3.599E+18  9.652E+17 2.216E-04  203.6   819  2.397E+13  4.302E+16  9.999E-38  9.999E-38   74.2   72.5    4.0    3.0    4.0    3.0    6.0    5.6    3.5
2008  1  1   1 12.00   20.0  -25.0  125.0  9.999E-38  1.550E+18  4.157E+17 9.544E-05  203.4   819  1.032E+13  1.853E+16  9.999E-38  9.999E-38   74.2   72.5    4.0    3.0    4.0    3.0    6.0    5.6    3.5
2008  1  1   1 12.00   25.0  -25.0  125.0  9.999E-38  6.470E+17  1.735E+17 3.983E-05  218.0   819  4.309E+12  7.732E+15  9.999E-38  9.999E-38   74.2   72.5    4.0    3.0    4.0    3.0    6.0    5.6    3.5
2008  1  1   1 12.00   30.0  -25.0  125.0  9.999E-38  2.908E+17  7.798E+16 1.790E-05  227.1   819  1.937E+12  3.475E+15  9.999E-38  9.999E-38   74.2   72.5    4.0    3.0    4.0    3.0    6.0    5.6    3.5
2008  1  1   1 12.00   35.0  -25.0  125.0  9.999E-38  1.338E+17  3.587E+16 8.234E-06  239.0   819  8.908E+11  1.599E+15  9.999E-38  9.999E-38   74.2   72.5    4.0    3.0    4.0    3.0    6.0    5.6    3.5
2008  1  1   1 12.00   40.0  -25.0  125.0  9.999E-38  6.370E+16  1.708E+16 3.921E-06  252.8   819  4.242E+11  7.613E+14  9.999E-38  9.999E-38   74.2   72.5    4.0    3.0    4.0    3.0    6.0    5.6    3.5
2008  1  1   1 12.00   45.0  -25.0  125.0  9.999E-38  3.169E+16  8.497E+15 1.951E-06  265.8   819  2.110E+11  3.787E+14  9.999E-38  9.999E-38   74.2   72.5    4.0    3.0    4.0    3.0    6.0    5.6    3.5
2008  1  1   1 12.00   50.0  -25.0  125.0  9.999E-38  1.682E+16  4.512E+15 1.036E-06  267.3   819  1.120E+11  2.011E+14  9.999E-38  9.999E-38   74.2   72.5    4.0    3.0    4.0    3.0    6.0    5.6    3.5
2008  1  1   1 12.00   55.0  -25.0  125.0  5.821E+07  9.238E+15  2.477E+15 5.687E-07  257.1   819  6.152E+10  1.104E+14  9.999E-38  9.999E-38   74.2   72.5    4.0    3.0    4.0    3.0    6.0    5.6    3.5
2008  1  1   1 12.00   60.0  -25.0  125.0  4.968E+07  4.996E+15  1.340E+15 3.075E-07  243.6   819  3.327E+10  5.971E+13  9.999E-38  9.999E-38   74.2   72.5    4.0    3.0    4.0    3.0    6.0    5.6    3.5
2008  1  1   1 12.00   65.0  -25.0  125.0  5.703E+07  2.641E+15  7.083E+14 1.626E-07  226.2   819  1.759E+10  3.157E+13  9.999E-38  9.999E-38   74.2   72.5    4.0    3.0    4.0    3.0    6.0    5.6    3.5
2008  1  1   1 12.00   70.0  -25.0  125.0  1.020E+08  1.318E+15  3.534E+14 8.112E-08  210.8   819  8.775E+09  1.575E+13  9.999E-38  9.999E-38   74.2   72.5    4.0    3.0    4.0    3.0    6.0    5.6    3.5
2008  1  1   1 12.00   75.0  -25.0  125.0  2.453E+08  6.136E+14  1.645E+14 3.777E-08  201.1   819  4.086E+09  7.333E+12  9.999E-38  9.999E-38   74.2   72.5    4.0    3.0    4.0    3.0    6.0    5.6    3.5
2008  1  1   1 12.00   80.0  -25.0  125.0  3.675E+09  2.731E+14  7.323E+13 1.681E-08  194.8   819  1.843E+09  3.264E+12  1.673E+08  9.999E-38   74.2   72.5    4.0    3.0    4.0    3.0    6.0    5.6    3.5
2008  1  1   1 12.00   85.0  -25.0  125.0  1.123E+11  1.192E+14  3.193E+13 7.336E-09  187.4   819  8.495E+08  1.423E+12  2.321E+08  9.999E-38   74.2   72.5    4.0    3.0    4.0    3.0    6.0    5.6    3.5
2008  1  1   1 12.00   90.0  -25.0  125.0  4.647E+11  4.992E+13  1.325E+13 3.078E-09  183.2   819  4.010E+08  5.873E+11  1.414E+08  9.999E-38   74.2   72.5    4.0    3.0    4.0    3.0    6.0    5.6    3.5
2008  1  1   1 12.00   95.0  -25.0  125.0  7.130E+11  2.046E+13  5.288E+12 1.267E-09  183.4   819  2.084E+08  2.299E+11  8.133E+07  5.302E+04   74.2   72.5    4.0    3.0    4.0    3.0    6.0    5.6    3.5
2008  1  1   1 12.00  100.0  -25.0  125.0  4.975E+11  8.319E+12  2.045E+12 5.145E-10  187.5   819  1.202E+08  8.477E+10  4.800E+07  1.011E+05   74.2   72.5    4.0    3.0    4.0    3.0    6.0    5.6    3.5
2008  1  1   1 12.00  105.0  -25.0  125.0  2.274E+11  3.353E+12  7.626E+11 2.045E-10  201.7   819  7.529E+07  2.914E+10  2.862E+07  1.807E+05   74.2   72.5    4.0    3.0    4.0    3.0    6.0    5.6    3.5
2008  1  1   1 12.00  110.0  -25.0  125.0  1.225E+11  1.373E+12  2.845E+11 8.289E-11  233.6   819  4.974E+07  9.955E+09  1.721E+07  3.087E+05   74.2   72.5    4.0    3.0    4.0    3.0    6.0    5.6    3.5
2008  1  1   1 12.00  115.0  -25.0  125.0  7.323E+10  6.072E+11  1.143E+11 3.651E-11  282.7   819  3.358E+07  3.689E+09  1.040E+07  5.140E+05   74.2   72.5    4.0    3.0    4.0    3.0    6.0    5.6    3.5
2008  1  1   1 12.00  120.0  -25.0  125.0  4.741E+10  3.028E+11  5.188E+10 1.821E-11  338.5   819  2.404E+07  1.557E+09  6.660E+06  8.488E+05   74.2   72.5    4.0    3.0    4.0    3.0    6.0    5.6    3.5
2008  1  1   1 12.00  125.0  -25.0  125.0  3.292E+10  1.685E+11  2.644E+10 1.017E-11  393.6   819  1.809E+07  7.410E+08  4.552E+06  1.372E+06   74.2   72.5    4.0    3.0    4.0    3.0    6.0    5.6    3.5
2008  1  1   1 12.00  130.0  -25.0  125.0  2.409E+10  1.024E+11  1.482E+10 6.215E-12  443.2   819  1.425E+07  3.904E+08  3.277E+06  2.136E+06   74.2   72.5    4.0    3.0    4.0    3.0    6.0    5.6    3.5
2008  1  1   1 12.00  135.0  -25.0  125.0  1.832E+10  6.626E+10  8.902E+09 4.057E-12  487.0   819  1.163E+07  2.214E+08  2.459E+06  3.174E+06   74.2   72.5    4.0    3.0    4.0    3.0    6.0    5.6    3.5
2008  1  1   1 12.00  140.0  -25.0  125.0  1.435E+10  4.493E+10  5.627E+09 2.779E-12  525.7   819  9.746E+06  1.325E+08  1.906E+06  4.508E+06   74.2   72.5    4.0    3.0    4.0    3.0    6.0    5.6    3.5
2008  1  1   1 12.00  145.0  -25.0  125.0  1.151E+10  3.155E+10  3.703E+09 1.976E-12  559.8   819  8.335E+06  8.254E+07  1.515E+06  6.128E+06   74.2   72.5    4.0    3.0    4.0    3.0    6.0    5.6    3.5
2008  1  1   1 12.00  150.0  -25.0  125.0  9.400E+09  2.277E+10  2.515E+09 1.446E-12  589.8   819  7.247E+06  5.320E+07  1.232E+06  7.962E+06   74.2   72.5    4.0    3.0    4.0    3.0    6.0    5.6    3.5
2008  1  1   1 12.00  155.0  -25.0  125.0  7.780E+09  1.679E+10  1.752E+09 1.083E-12  616.4   819  6.388E+06  3.522E+07  1.021E+06  9.899E+06   74.2   72.5    4.0    3.0    4.0    3.0    6.0    5.6    3.5
2008  1  1   1 12.00  160.0  -25.0  125.0  6.513E+09  1.260E+10  1.247E+09 8.272E-13  639.8   819  5.698E+06  2.383E+07  8.618E+05  1.180E+07   74.2   72.5    4.0    3.0    4.0    3.0    6.0    5.6    3.5
2008  1  1   1 12.00  165.0  -25.0  125.0  5.505E+09  9.589E+09  9.038E+08 6.417E-13  660.5   819  5.137E+06  1.641E+07  7.398E+05  1.353E+07   74.2   72.5    4.0    3.0    4.0    3.0    6.0    5.6    3.5
2008  1  1   1 12.00  170.0  -25.0  125.0  4.691E+09  7.386E+09  6.648E+08 5.047E-13  678.8   819  4.674E+06  1.147E+07  6.452E+05  1.495E+07   74.2   72.5    4.0    3.0    4.0    3.0    6.0    5.6    3.5
2008  1  1   1 12.00  175.0  -25.0  125.0  4.026E+09  5.746E+09  4.954E+08 4.015E-13  695.0   819  4.288E+06  8.112E+06  5.711E+05  1.598E+07   74.2   72.5    4.0    3.0    4.0    3.0    6.0    5.6    3.5
2008  1  1   1 12.00  180.0  -25.0  125.0  3.476E+09  4.509E+09  3.732E+08 3.227E-13  709.2   819  3.963E+06  5.799E+06  5.126E+05  1.660E+07   74.2   72.5    4.0    3.0    4.0    3.0    6.0    5.6    3.5
2008  1  1   1 12.00  185.0  -25.0  125.0  3.017E+09  3.563E+09  2.838E+08 2.617E-13  721.8   819  3.688E+06  4.182E+06  4.661E+05  1.681E+07   74.2   72.5    4.0    3.0    4.0    3.0    6.0    5.6    3.5
2008  1  1   1 12.00  190.0  -25.0  125.0  2.629E+09  2.833E+09  2.175E+08 2.138E-13  733.0   819  3.452E+06  3.039E+06  4.287E+05  1.667E+07   74.2   72.5    4.0    3.0    4.0    3.0    6.0    5.6    3.5
2008  1  1   1 12.00  195.0  -25.0  125.0  2.301E+09  2.265E+09  1.679E+08 1.760E-13  742.8   819  3.248E+06  2.223E+06  3.984E+05  1.624E+07   74.2   72.5    4.0    3.0    4.0    3.0    6.0    5.6    3.5
2008  1  1   1 12.00  200.0  -25.0  125.0  2.020E+09  1.819E+09  1.304E+08 1.457E-13  751.6   819  3.070E+06  1.636E+06  3.737E+05  1.559E+07   74.2   72.5    4.0    3.0    4.0    3.0    6.0    5.6    3.5
2008  1  1   1 12.00  205.0  -25.0  125.0  1.779E+09  1.467E+09  1.018E+08 1.214E-13  759.3   819  2.914E+06  1.209E+06  3.534E+05  1.478E+07   74.2   72.5    4.0    3.0    4.0    3.0    6.0    5.6    3.5
2008  1  1   1 12.00  210.0  -25.0  125.0  1.570E+09  1.187E+09  7.983E+07 1.016E-13  766.1   819  2.775E+06  8.981E+05  3.367E+05  1.389E+07   74.2   72.5    4.0    3.0    4.0    3.0    6.0    5.6    3.5
2008  1  1   1 12.00  215.0  -25.0  125.0  1.389E+09  9.637E+08  6.284E+07 8.544E-14  772.1   819  2.651E+06  6.695E+05  3.227E+05  1.295E+07   74.2   72.5    4.0    3.0    4.0    3.0    6.0    5.6    3.5
2008  1  1   1 12.00  220.0  -25.0  125.0  1.231E+09  7.844E+08  4.964E+07 7.217E-14  777.4   819  2.540E+06  5.008E+05  3.109E+05  1.201E+07   74.2   72.5    4.0    3.0    4.0    3.0    6.0    5.6    3.5
2008  1  1   1 12.00  225.0  -25.0  125.0  1.094E+09  6.400E+08  3.933E+07 6.121E-14  782.2   819  2.438E+06  3.758E+05  3.009E+05  1.108E+07   74.2   72.5    4.0    3.0    4.0    3.0    6.0    5.6    3.5
2008  1  1   1 12.00  230.0  -25.0  125.0  9.726E+08  5.233E+08  3.124E+07 5.211E-14  786.3   819  2.345E+06  2.827E+05  2.924E+05  1.019E+07   74.2   72.5    4.0    3.0    4.0    3.0    6.0    5.6    3.5
2008  1  1   1 12.00  235.0  -25.0  125.0  8.661E+08  4.287E+08  2.487E+07 4.452E-14  790.0   819  2.260E+06  2.132E+05  2.851E+05  9.342E+06   74.2   72.5    4.0    3.0    4.0    3.0    6.0    5.6    3.5
2008  1  1   1 12.00  240.0  -25.0  125.0  7.723E+08  3.518E+08  1.984E+07 3.816E-14  793.3   819  2.181E+06  1.611E+05  2.788E+05  8.549E+06   74.2   72.5    4.0    3.0    4.0    3.0    6.0    5.6    3.5
2008  1  1   1 12.00  245.0  -25.0  125.0  6.894E+08  2.892E+08  1.586E+07 3.281E-14  796.2   819  2.108E+06  1.220E+05  2.733E+05  7.812E+06   74.2   72.5    4.0    3.0    4.0    3.0    6.0    5.6    3.5
2008  1  1   1 12.00  250.0  -25.0  125.0  6.160E+08  2.380E+08  1.270E+07 2.830E-14  798.8   819  2.039E+06  9.256E+04  2.684E+05  7.130E+06   74.2   72.5    4.0    3.0    4.0    3.0    6.0    5.6    3.5
2008  1  1   1 12.00  255.0  -25.0  125.0  5.508E+08  1.961E+08  1.018E+07 2.447E-14  801.1   819  1.974E+06  7.033E+04  2.640E+05  6.503E+06   74.2   72.5    4.0    3.0    4.0    3.0    6.0    5.6    3.5
2008  1  1   1 12.00  260.0  -25.0  125.0  4.930E+08  1.618E+08  8.171E+06 2.121E-14  803.1   819  1.913E+06  5.351E+04  2.601E+05  5.928E+06   74.2   72.5    4.0    3.0    4.0    3.0    6.0    5.6    3.5
2008  1  1   1 12.00  265.0  -25.0  125.0  4.415E+08  1.336E+08  6.568E+06 1.844E-14  804.9   819  1.855E+06  4.077E+04  2.566E+05  5.401E+06   74.2   72.5    4.0    3.0    4.0    3.0    6.0    5.6    3.5
2008  1  1   1 12.00  270.0  -25.0  125.0  3.957E+08  1.104E+08  5.284E+06 1.606E-14  806.5   819  1.800E+06  3.110E+04  2.534E+05  4.921E+06   74.2   72.5    4.0    3.0    4.0    3.0    6.0    5.6    3.5
2008  1  1   1 12.00  275.0  -25.0  125.0  3.548E+08  9.137E+07  4.256E+06 1.402E-14  807.9   819  1.747E+06  2.376E+04  2.505E+05  4.483E+06   74.2   72.5    4.0    3.0    4.0    3.0    6.0    5.6    3.5
2008  1  1   1 12.00  280.0  -25.0  125.0  3.183E+08  7.566E+07  3.431E+06 1.227E-14  809.1   819  1.697E+06  1.816E+04  2.478E+05  4.084E+06   74.2   72.5    4.0    3.0    4.0    3.0    6.0    5.6    3.5
2008  1  1   1 12.00  285.0  -25.0  125.0  2.858E+08  6.269E+07  2.768E+06 1.075E-14  810.2   819  1.649E+06  1.390E+04  2.453E+05  3.720E+06   74.2   72.5    4.0    3.0    4.0    3.0    6.0    5.6    3.5
2008  1  1   1 12.00  290.0  -25.0  125.0  2.566E+08  5.198E+07  2.235E+06 9.445E-15  811.2   819  1.603E+06  1.064E+04  2.429E+05  3.390E+06   74.2   72.5    4.0    3.0    4.0    3.0    6.0    5.6    3.5
2008  1  1   1 12.00  295.0  -25.0  125.0  2.306E+08  4.312E+07  1.806E+06 8.311E-15  812.1   819  1.558E+06  8.160E+03  2.407E+05  3.089E+06   74.2   72.5    4.0    3.0    4.0    3.0    6.0    5.6    3.5
2008  1  1   1 12.00  300.0  -25.0  125.0  2.072E+08  3.580E+07  1.460E+06 7.325E-15  812.8   819  1.515E+06  6.260E+03  2.385E+05  2.815E+06   74.2   72.5    4.0    3.0    4.0    3.0    6.0    5.6    3.5
2008  1  1   1 12.00  305.0  -25.0  125.0  1.863E+08  2.973E+07  1.181E+06 6.466E-15  813.5   819  1.474E+06  4.806E+03  2.365E+05  2.566E+06   74.2   72.5    4.0    3.0    4.0    3.0    6.0    5.6    3.5
2008  1  1   1 12.00  310.0  -25.0  125.0  1.676E+08  2.471E+07  9.562E+05 5.717E-15  814.1   819  1.434E+06  3.693E+03  2.346E+05  2.340E+06   74.2   72.5    4.0    3.0    4.0    3.0    6.0    5.6    3.5
2008  1  1   1 12.00  315.0  -25.0  125.0  1.508E+08  2.055E+07  7.745E+05 5.062E-15  814.7   819  1.396E+06  2.839E+03  2.327E+05  2.133E+06   74.2   72.5    4.0    3.0    4.0    3.0    6.0    5.6    3.5
2008  1  1   1 12.00  320.0  -25.0  125.0  1.357E+08  1.709E+07  6.277E+05 4.488E-15  815.2   819  1.359E+06  2.184E+03  2.309E+05  1.946E+06   74.2   72.5    4.0    3.0    4.0    3.0    6.0    5.6    3.5
2008  1  1   1 12.00  325.0  -25.0  125.0  1.221E+08  1.422E+07  5.089E+05 3.984E-15  815.6   819  1.323E+06  1.681E+03  2.292E+05  1.775E+06   74.2   72.5    4.0    3.0    4.0    3.0    6.0    5.6    3.5
2008  1  1   1 12.00  330.0  -25.0  125.0  1.100E+08  1.184E+07  4.128E+05 3.541E-15  816.0   819  1.288E+06  1.295E+03  2.275E+05  1.620E+06   74.2   72.5    4.0    3.0    4.0    3.0    6.0    5.6    3.5
2008  1  1   1 12.00  335.0  -25.0  125.0  9.906E+07  9.863E+06  3.350E+05 3.151E-15  816.3   819  1.254E+06  9.977E+02  2.258E+05  1.478E+06   74.2   72.5    4.0    3.0    4.0    3.0    6.0    5.6    3.5
2008  1  1   1 12.00  340.0  -25.0  125.0  8.924E+07  8.218E+06  2.720E+05 2.808E-15  816.6   819  1.221E+06  7.693E+02  2.242E+05  1.349E+06   74.2   72.5    4.0    3.0    4.0    3.0    6.0    5.6    3.5
2008  1  1   1 12.00  345.0  -25.0  125.0  8.042E+07  6.850E+06  2.209E+05 2.504E-15  816.9   819  1.190E+06  5.934E+02  2.226E+05  1.232E+06   74.2   72.5    4.0    3.0    4.0    3.0    6.0    5.6    3.5
2008  1  1   1 12.00  350.0  -25.0  125.0  7.248E+07  5.712E+06  1.795E+05 2.235E-15  817.1   819  1.159E+06  4.580E+02  2.211E+05  1.125E+06   74.2   72.5    4.0    3.0    4.0    3.0    6.0    5.6    3.5
2008  1  1   1 12.00  355.0  -25.0  125.0  6.534E+07  4.764E+06  1.459E+05 1.997E-15  817.3   819  1.129E+06  3.537E+02  2.196E+05  1.027E+06   74.2   72.5    4.0    3.0    4.0    3.0    6.0    5.6    3.5
2008  1  1   1 12.00  360.0  -25.0  125.0  5.892E+07  3.976E+06  1.187E+05 1.786E-15  817.5   819  1.100E+06  2.732E+02  2.181E+05  9.380E+05   74.2   72.5    4.0    3.0    4.0    3.0    6.0    5.6    3.5
2008  1  1   1 12.00  365.0  -25.0  125.0  5.314E+07  3.318E+06  9.655E+04 1.599E-15  817.7   819  1.071E+06  2.112E+02  2.166E+05  8.570E+05   74.2   72.5    4.0    3.0    4.0    3.0    6.0    5.6    3.5
2008  1  1   1 12.00  370.0  -25.0  125.0  4.793E+07  2.771E+06  7.858E+04 1.432E-15  817.8   819  1.044E+06  1.633E+02  2.152E+05  7.830E+05   74.2   72.5    4.0    3.0    4.0    3.0    6.0    5.6    3.5
2008  1  1   1 12.00  375.0  -25.0  125.0  4.324E+07  2.314E+06  6.397E+04 1.284E-15  817.9   819  1.017E+06  1.263E+02  2.137E+05  7.156E+05   74.2   72.5    4.0    3.0    4.0    3.0    6.0    5.6    3.5
2008  1  1   1 12.00  380.0  -25.0  125.0  3.902E+07  1.934E+06  5.210E+04 1.152E-15  818.1   819  9.915E+05  9.778E+01  2.123E+05  6.540E+05   74.2   72.5    4.0    3.0    4.0    3.0    6.0    5.6    3.5
2008  1  1   1 12.00  385.0  -25.0  125.0  3.522E+07  1.616E+06  4.245E+04 1.034E-15  818.2   819  9.663E+05  7.571E+01  2.109E+05  5.979E+05   74.2   72.5    4.0    3.0    4.0    3.0    6.0    5.6    3.5
2008  1  1   1 12.00  390.0  -25.0  125.0  3.179E+07  1.351E+06  3.459E+04 9.288E-16  818.3   819  9.418E+05  5.865E+01  2.096E+05  5.466E+05   74.2   72.5    4.0    3.0    4.0    3.0    6.0    5.6    3.5
2008  1  1   1 12.00  395.0  -25.0  125.0  2.871E+07  1.130E+06  2.820E+04 8.348E-16  818.3   819  9.179E+05  4.545E+01  2.082E+05  4.999E+05   74.2   72.5    4.0    3.0    4.0    3.0    6.0    5.6    3.5
2008  1  1   1 12.00  400.0  -25.0  125.0  2.592E+07  9.450E+05  2.300E+04 7.509E-16  818.4   819  8.947E+05  3.524E+01  2.068E+05  4.572E+05   74.2   72.5    4.0    3.0    4.0    3.0    6.0    5.6    3.5
2008  1  1   1 12.00  405.0  -25.0  125.0  2.341E+07  7.908E+05  1.876E+04 6.757E-16  818.5   819  8.722E+05  2.733E+01  2.055E+05  4.182E+05   74.2   72.5    4.0    3.0    4.0    3.0    6.0    5.6    3.5
2008  1  1   1 12.00  410.0  -25.0  125.0  2.115E+07  6.618E+05  1.531E+04 6.085E-16  818.5   819  8.502E+05  2.120E+01  2.042E+05  3.826E+05   74.2   72.5    4.0    3.0    4.0    3.0    6.0    5.6    3.5
2008  1  1   1 12.00  415.0  -25.0  125.0  1.911E+07  5.541E+05  1.250E+04 5.482E-16  818.6   819  8.289E+05  1.646E+01  2.029E+05  3.500E+05   74.2   72.5    4.0    3.0    4.0    3.0    6.0    5.6    3.5
2008  1  1   1 12.00  420.0  -25.0  125.0  1.727E+07  4.640E+05  1.021E+04 4.941E-16  818.6   819  8.081E+05  1.278E+01  2.016E+05  3.203E+05   74.2   72.5    4.0    3.0    4.0    3.0    6.0    5.6    3.5
2008  1  1   1 12.00  425.0  -25.0  125.0  1.561E+07  3.887E+05  8.338E+03 4.456E-16  818.7   819  7.879E+05  9.928E+00  2.003E+05  2.932E+05   74.2   72.5    4.0    3.0    4.0    3.0    6.0    5.6    3.5
2008  1  1   1 12.00  430.0  -25.0  125.0  1.411E+07  3.257E+05  6.813E+03 4.021E-16  818.7   819  7.682E+05  7.716E+00  1.990E+05  2.684E+05   74.2   72.5    4.0    3.0    4.0    3.0    6.0    5.6    3.5
2008  1  1   1 12.00  435.0  -25.0  125.0  1.275E+07  2.730E+05  5.569E+03 3.630E-16  818.7   819  7.491E+05  5.998E+00  1.978E+05  2.457E+05   74.2   72.5    4.0    3.0    4.0    3.0    6.0    5.6    3.5
2008  1  1   1 12.00  440.0  -25.0  125.0  1.153E+07  2.289E+05  4.553E+03 3.278E-16  818.8   819  7.304E+05  4.665E+00  1.965E+05  2.249E+05   74.2   72.5    4.0    3.0    4.0    3.0    6.0    5.6    3.5
2008  1  1   1 12.00  445.0  -25.0  125.0  1.043E+07  1.919E+05  3.724E+03 2.962E-16  818.8   819  7.123E+05  3.630E+00  1.953E+05  2.060E+05   74.2   72.5    4.0    3.0    4.0    3.0    6.0    5.6    3.5
2008  1  1   1 12.00  450.0  -25.0  125.0  9.432E+06  1.610E+05  3.047E+03 2.677E-16  818.8   819  6.946E+05  2.825E+00  1.941E+05  1.887E+05   74.2   72.5    4.0    3.0    4.0    3.0    6.0    5.6    3.5
2008  1  1   1 12.00  455.0  -25.0  125.0  8.532E+06  1.351E+05  2.493E+03 2.421E-16  818.8   819  6.774E+05  2.200E+00  1.928E+05  1.728E+05   74.2   72.5    4.0    3.0    4.0    3.0    6.0    5.6    3.5
2008  1  1   1 12.00  460.0  -25.0  125.0  7.720E+06  1.134E+05  2.041E+03 2.191E-16  818.9   819  6.607E+05  1.713E+00  1.916E+05  1.583E+05   74.2   72.5    4.0    3.0    4.0    3.0    6.0    5.6    3.5
2008  1  1   1 12.00  465.0  -25.0  125.0  6.986E+06  9.518E+04  1.671E+03 1.983E-16  818.9   819  6.443E+05  1.335E+00  1.904E+05  1.450E+05   74.2   72.5    4.0    3.0    4.0    3.0    6.0    5.6    3.5
2008  1  1   1 12.00  470.0  -25.0  125.0  6.322E+06  7.992E+04  1.369E+03 1.796E-16  818.9   819  6.285E+05  1.041E+00  1.892E+05  1.329E+05   74.2   72.5    4.0    3.0    4.0    3.0    6.0    5.6    3.5
2008  1  1   1 12.00  475.0  -25.0  125.0  5.723E+06  6.713E+04  1.122E+03 1.627E-16  818.9   819  6.130E+05  8.115E-01  1.881E+05  1.218E+05   74.2   72.5    4.0    3.0    4.0    3.0    6.0    5.6    3.5
2008  1  1   1 12.00  480.0  -25.0  125.0  5.181E+06  5.640E+04  9.193E+02 1.474E-16  818.9   819  5.979E+05  6.330E-01  1.869E+05  1.117E+05   74.2   72.5    4.0    3.0    4.0    3.0    6.0    5.6    3.5
2008  1  1   1 12.00  485.0  -25.0  125.0  4.691E+06  4.740E+04  7.537E+02 1.337E-16  818.9   819  5.833E+05  4.940E-01  1.857E+05  1.024E+05   74.2   72.5    4.0    3.0    4.0    3.0    6.0    5.6    3.5
2008  1  1   1 12.00  490.0  -25.0  125.0  4.248E+06  3.984E+04  6.181E+02 1.213E-16  818.9   819  5.690E+05  3.856E-01  1.846E+05  9.384E+04   74.2   72.5    4.0    3.0    4.0    3.0    6.0    5.6    3.5
2008  1  1   1 12.00  495.0  -25.0  125.0  3.847E+06  3.350E+04  5.070E+02 1.100E-16  819.0   819  5.550E+05  3.011E-01  1.834E+05  8.605E+04   74.2   72.5    4.0    3.0    4.0    3.0    6.0    5.6    3.5
2008  1  1   1 12.00  500.0  -25.0  125.0  3.485E+06  2.817E+04  4.160E+02 9.991E-17  819.0   819  5.415E+05  2.353E-01  1.823E+05  7.891E+04   74.2   72.5    4.0    3.0    4.0    3.0    6.0    5.6    3.5
2008  1  1   1 12.00  505.0  -25.0  125.0  3.158E+06  2.370E+04  3.415E+02 9.076E-17  819.0   819  5.283E+05  1.839E-01  1.812E+05  7.238E+04   74.2   72.5    4.0    3.0    4.0    3.0    6.0    5.6    3.5
2008  1  1   1 12.00  510.0  -25.0  125.0  2.861E+06  1.994E+04  2.804E+02 8.248E-17  819.0   819  5.154E+05  1.437E-01  1.801E+05  6.639E+04   74.2   72.5    4.0    3.0    4.0    3.0    6.0    5.6    3.5
2008  1  1   1 12.00  515.0  -25.0  125.0  2.593E+06  1.679E+04  2.303E+02 7.499E-17  819.0   819  5.029E+05  1.124E-01  1.790E+05  6.091E+04   74.2   72.5    4.0    3.0    4.0    3.0    6.0    5.6    3.5
2008  1  1   1 12.00  520.0  -25.0  125.0  2.350E+06  1.413E+04  1.892E+02 6.822E-17  819.0   819  4.907E+05  8.795E-02  1.779E+05  5.589E+04   74.2   72.5    4.0    3.0    4.0    3.0    6.0    5.6    3.5
2008  1  1   1 12.00  525.0  -25.0  125.0  2.130E+06  1.190E+04  1.554E+02 6.209E-17  819.0   819  4.788E+05  6.883E-02  1.768E+05  5.128E+04   74.2   72.5    4.0    3.0    4.0    3.0    6.0    5.6    3.5
2008  1  1   1 12.00  530.0  -25.0  125.0  1.931E+06  1.002E+04  1.278E+02 5.654E-17  819.0   819  4.672E+05  5.389E-02  1.757E+05  4.707E+04   74.2   72.5    4.0    3.0    4.0    3.0    6.0    5.6    3.5
2008  1  1   1 12.00  535.0  -25.0  125.0  1.751E+06  8.445E+03  1.051E+02 5.152E-17  819.0   819  4.559E+05  4.221E-02  1.746E+05  4.320E+04   74.2   72.5    4.0    3.0    4.0    3.0    6.0    5.6    3.5
2008  1  1   1 12.00  540.0  -25.0  125.0  1.588E+06  7.117E+03  8.641E+01 4.697E-17  819.0   819  4.449E+05  3.307E-02  1.736E+05  3.966E+04   74.2   72.5    4.0    3.0    4.0    3.0    6.0    5.6    3.5
2008  1  1   1 12.00  545.0  -25.0  125.0  1.441E+06  5.999E+03  7.109E+01 4.284E-17  819.0   819  4.342E+05  2.592E-02  1.725E+05  3.641E+04   74.2   72.5    4.0    3.0    4.0    3.0    6.0    5.6    3.5
2008  1  1   1 12.00  550.0  -25.0  125.0  1.307E+06  5.058E+03  5.850E+01 3.911E-17  819.0   819  4.237E+05  2.032E-02  1.715E+05  3.343E+04   74.2   72.5    4.0    3.0    4.0    3.0    6.0    5.6    3.5
2008  1  1   1 12.00  555.0  -25.0  125.0  1.186E+06  4.266E+03  4.815E+01 3.572E-17  819.0   819  4.135E+05  1.594E-02  1.704E+05  3.070E+04   74.2   72.5    4.0    3.0    4.0    3.0    6.0    5.6    3.5
2008  1  1   1 12.00  560.0  -25.0  125.0  1.076E+06  3.598E+03  3.965E+01 3.264E-17  819.0   819  4.036E+05  1.250E-02  1.694E+05  2.820E+04   74.2   72.5    4.0    3.0    4.0    3.0    6.0    5.6    3.5
2008  1  1   1 12.00  565.0  -25.0  125.0  9.764E+05  3.036E+03  3.266E+01 2.985E-17  819.0   819  3.939E+05  9.814E-03  1.684E+05  2.590E+04   74.2   72.5    4.0    3.0    4.0    3.0    6.0    5.6    3.5
2008  1  1   1 12.00  570.0  -25.0  125.0  8.863E+05  2.562E+03  2.690E+01 2.732E-17  819.0   819  3.845E+05  7.705E-03  1.674E+05  2.380E+04   74.2   72.5    4.0    3.0    4.0    3.0    6.0    5.6    3.5
2008  1  1   1 12.00  575.0  -25.0  125.0  8.045E+05  2.163E+03  2.217E+01 2.502E-17  819.0   819  3.753E+05  6.052E-03  1.663E+05  2.187E+04   74.2   72.5    4.0    3.0    4.0    3.0    6.0    5.6    3.5
2008  1  1   1 12.00  580.0  -25.0  125.0  7.305E+05  1.827E+03  1.828E+01 2.293E-17  819.0   819  3.664E+05  4.755E-03  1.653E+05  2.009E+04   74.2   72.5    4.0    3.0    4.0    3.0    6.0    5.6    3.5
2008  1  1   1 12.00  585.0  -25.0  125.0  6.633E+05  1.543E+03  1.507E+01 2.104E-17  819.0   819  3.576E+05  3.737E-03  1.643E+05  1.847E+04   74.2   72.5    4.0    3.0    4.0    3.0    6.0    5.6    3.5
2008  1  1   1 12.00  590.0  -25.0  125.0  6.024E+05  1.303E+03  1.243E+01 1.931E-17  819.0   819  3.491E+05  2.938E-03  1.634E+05  1.697E+04   74.2   72.5    4.0    3.0    4.0    3.0    6.0    5.6    3.5
2008  1  1   1 12.00  595.0  -25.0  125.0  5.471E+05  1.101E+03  1.025E+01 1.775E-17  819.0   819  3.408E+05  2.311E-03  1.624E+05  1.560E+04   74.2   72.5    4.0    3.0    4.0    3.0    6.0    5.6    3.5
2008  1  1   1 12.00  600.0  -25.0  125.0  4.970E+05  9.309E+02  8.462E+00 1.632E-17  819.0   819  3.327E+05  1.818E-03  1.614E+05  1.434E+04   74.2   72.5    4.0    3.0    4.0    3.0    6.0    5.6    3.5
2008  1  1   1 12.00  605.0  -25.0  125.0  4.516E+05  7.870E+02  6.985E+00 1.502E-17  819.0   819  3.249E+05  1.431E-03  1.604E+05  1.319E+04   74.2   72.5    4.0    3.0    4.0    3.0    6.0    5.6    3.5
2008  1  1   1 12.00  610.0  -25.0  125.0  4.103E+05  6.655E+02  5.768E+00 1.384E-17  819.0   819  3.172E+05  1.127E-03  1.595E+05  1.213E+04   74.2   72.5    4.0    3.0    4.0    3.0    6.0    5.6    3.5
2008  1  1   1 12.00  615.0  -25.0  125.0  3.729E+05  5.629E+02  4.764E+00 1.277E-17  819.0   819  3.097E+05  8.875E-04  1.585E+05  1.115E+04   74.2   72.5    4.0    3.0    4.0    3.0    6.0    5.6    3.5
2008  1  1   1 12.00  620.0  -25.0  125.0  3.390E+05  4.762E+02  3.936E+00 1.179E-17  819.0   819  3.024E+05  6.992E-04  1.576E+05  1.026E+04   74.2   72.5    4.0    3.0    4.0    3.0    6.0    5.6    3.5
2008  1  1   1 12.00  625.0  -25.0  125.0  3.081E+05  4.030E+02  3.252E+00 1.089E-17  819.0   819  2.952E+05  5.511E-04  1.567E+05  9.438E+03   74.2   72.5    4.0    3.0    4.0    3.0    6.0    5.6    3.5
2008  1  1   1 12.00  630.0  -25.0  125.0  2.802E+05  3.411E+02  2.688E+00 1.008E-17  819.0   819  2.883E+05  4.345E-04  1.557E+05  8.683E+03   74.2   72.5    4.0    3.0    4.0    3.0    6.0    5.6    3.5
2008  1  1   1 12.00  635.0  -25.0  125.0  2.547E+05  2.888E+02  2.223E+00 9.335E-18  819.0   819  2.815E+05  3.427E-04  1.548E+05  7.989E+03   74.2   72.5    4.0    3.0    4.0    3.0    6.0    5.6    3.5
2008  1  1   1 12.00  640.0  -25.0  125.0  2.317E+05  2.446E+02  1.838E+00 8.656E-18  819.0   819  2.749E+05  2.703E-04  1.539E+05  7.352E+03   74.2   72.5    4.0    3.0    4.0    3.0    6.0    5.6    3.5
2008  1  1   1 12.00  645.0  -25.0  125.0  2.107E+05  2.072E+02  1.521E+00 8.037E-18  819.0   819  2.685E+05  2.134E-04  1.530E+05  6.767E+03   74.2   72.5    4.0    3.0    4.0    3.0    6.0    5.6    3.5
2008  1  1   1 12.00  650.0  -25.0  125.0  1.917E+05  1.755E+02  1.259E+00 7.471E-18  819.0   819  2.622E+05  1.684E-04  1.521E+05  6.228E+03   74.2   72.5    4.0    3.0    4.0    3.0    6.0    5.6    3.5
2008  1  1   1 12.00  655.0  -25.0  125.0  1.744E+05  1.488E+02  1.042E+00 6.953E-18  819.0   819  2.561E+05  1.330E-04  1.512E+05  5.734E+03   74.2   72.5    4.0    3.0    4.0    3.0    6.0    5.6    3.5
2008  1  1   1 12.00  660.0  -25.0  125.0  1.587E+05  1.261E+02  8.625E-01 6.480E-18  819.0   819  2.501E+05  1.051E-04  1.503E+05  5.279E+03   74.2   72.5    4.0    3.0    4.0    3.0    6.0    5.6    3.5
2008  1  1   1 12.00  665.0  -25.0  125.0  1.444E+05  1.069E+02  7.143E-01 6.047E-18  819.0   819  2.443E+05  8.306E-05  1.494E+05  4.861E+03   74.2   72.5    4.0    3.0    4.0    3.0    6.0    5.6    3.5
2008  1  1   1 12.00  670.0  -25.0  125.0  1.314E+05  9.066E+01  5.918E-01 5.650E-18  819.0   819  2.386E+05  6.566E-05  1.485E+05  4.476E+03   74.2   72.5    4.0    3.0    4.0    3.0    6.0    5.6    3.5
2008  1  1   1 12.00  675.0  -25.0  125.0  1.196E+05  7.691E+01  4.903E-01 5.287E-18  819.0   819  2.331E+05  5.193E-05  1.477E+05  4.123E+03   74.2   72.5    4.0    3.0    4.0    3.0    6.0    5.6    3.5
2008  1  1   1 12.00  680.0  -25.0  125.0  1.089E+05  6.525E+01  4.064E-01 4.953E-18  819.0   819  2.277E+05  4.108E-05  1.468E+05  3.798E+03   74.2   72.5    4.0    3.0    4.0    3.0    6.0    5.6    3.5
2008  1  1   1 12.00  685.0  -25.0  125.0  9.918E+04  5.538E+01  3.370E-01 4.647E-18  819.0   819  2.224E+05  3.251E-05  1.459E+05  3.498E+03   74.2   72.5    4.0    3.0    4.0    3.0    6.0    5.6    3.5
2008  1  1   1 12.00  690.0  -25.0  125.0  9.032E+04  4.701E+01  2.794E-01 4.366E-18  819.0   819  2.172E+05  2.573E-05  1.451E+05  3.223E+03   74.2   72.5    4.0    3.0    4.0    3.0    6.0    5.6    3.5
2008  1  1   1 12.00  695.0  -25.0  125.0  8.226E+04  3.991E+01  2.318E-01 4.108E-18  819.0   819  2.122E+05  2.038E-05  1.442E+05  2.970E+03   74.2   72.5    4.0    3.0    4.0    3.0    6.0    5.6    3.5
2008  1  1   1 12.00  700.0  -25.0  125.0  7.493E+04  3.389E+01  1.923E-01 3.870E-18  819.0   819  2.073E+05  1.614E-05  1.434E+05  2.737E+03   74.2   72.5    4.0    3.0    4.0    3.0    6.0    5.6    3.5
2008  1  1   1 12.00  705.0  -25.0  125.0  6.826E+04  2.879E+01  1.596E-01 3.652E-18  819.0   819  2.026E+05  1.279E-05  1.426E+05  2.523E+03   74.2   72.5    4.0    3.0    4.0    3.0    6.0    5.6    3.5
2008  1  1   1 12.00  710.0  -25.0  125.0  6.220E+04  2.446E+01  1.325E-01 3.450E-18  819.0   819  1.979E+05  1.014E-05  1.417E+05  2.325E+03   74.2   72.5    4.0    3.0    4.0    3.0    6.0    5.6    3.5
2008  1  1   1 12.00  715.0  -25.0  125.0  5.668E+04  2.079E+01  1.100E-01 3.265E-18  819.0   819  1.933E+05  8.039E-06  1.409E+05  2.143E+03   74.2   72.5    4.0    3.0    4.0    3.0    6.0    5.6    3.5
2008  1  1   1 12.00  720.0  -25.0  125.0  5.166E+04  1.767E+01  9.140E-02 3.093E-18  819.0   819  1.889E+05  6.377E-06  1.401E+05  1.976E+03   74.2   72.5    4.0    3.0    4.0    3.0    6.0    5.6    3.5
2008  1  1   1 12.00  725.0  -25.0  125.0  4.708E+04  1.502E+01  7.594E-02 2.935E-18  819.0   819  1.846E+05  5.060E-06  1.393E+05  1.822E+03   74.2   72.5    4.0    3.0    4.0    3.0    6.0    5.6    3.5
2008  1  1   1 12.00  730.0  -25.0  125.0  4.292E+04  1.278E+01  6.311E-02 2.789E-18  819.0   819  1.804E+05  4.016E-06  1.385E+05  1.680E+03   74.2   72.5    4.0    3.0    4.0    3.0    6.0    5.6    3.5
2008  1  1   1 12.00  735.0  -25.0  125.0  3.913E+04  1.087E+01  5.246E-02 2.653E-18  819.0   819  1.762E+05  3.188E-06  1.377E+05  1.550E+03   74.2   72.5    4.0    3.0    4.0    3.0    6.0    5.6    3.5
2008  1  1   1 12.00  740.0  -25.0  125.0  3.568E+04  9.247E+00  4.362E-02 2.528E-18  819.0   819  1.722E+05  2.532E-06  1.369E+05  1.430E+03   74.2   72.5    4.0    3.0    4.0    3.0    6.0    5.6    3.5
2008  1  1   1 12.00  745.0  -25.0  125.0  3.254E+04  7.870E+00  3.628E-02 2.411E-18  819.0   819  1.683E+05  2.012E-06  1.361E+05  1.319E+03   74.2   72.5    4.0    3.0    4.0    3.0    6.0    5.6    3.5
