1961  1  1   1  0.00  130.0  -25.0  125.0  2.742E+10  9.899E+10  1.191E+10 5.990E-12  510.7   976  1.584E+07  3.656E+08  2.071E+06  2.682E+06  163.0  125.6    7.4    4.0    5.0    6.0   15.0   15.4   16.1
1962  1  1   1  0.00  130.0  -25.0  125.0  2.400E+10  9.651E+10  1.315E+10 5.849E-12  486.2   806  1.519E+07  3.438E+08  3.053E+06  1.780E+06   93.0   91.9    5.6    3.0    3.0    3.0    4.0    8.5   12.8
1963  1  1   1  0.00  130.0  -25.0  125.0  2.287E+10  9.557E+10  1.361E+10 5.799E-12  477.6   748  1.493E+07  3.338E+08  3.497E+06  1.575E+06   75.5   79.6    4.8    6.0    4.0    4.0    6.0   11.6    4.9
1964  1  1   1  0.00  130.0  -25.0  125.0  2.254E+10  9.563E+10  1.386E+10 5.806E-12  476.1   734  1.479E+07  3.395E+08  3.607E+06  1.549E+06   71.0   75.1    5.8    7.0    6.0    6.0    6.0    2.8    4.2
1965  1  1   1  0.00  130.0  -25.0  125.0  2.248E+10  9.484E+10  1.373E+10 5.760E-12  473.3   732  1.482E+07  3.197E+08  3.680E+06  1.505E+06   75.9   74.3    3.0    4.0    2.0    2.0    3.0    2.4    1.9
1966  1  1   1  0.00  130.0  -25.0  125.0  2.275E+10  9.472E+10  1.347E+10 5.747E-12  474.3   741  1.496E+07  3.136E+08  3.604E+06  1.514E+06   78.1   78.6    2.1    0.0    2.0    0.0    2.0    3.5    4.1
1967  1  1   1  0.00  130.0  -25.0  125.0  2.727E+10  1.004E+11  1.198E+10 6.059E-12  514.7   939  1.590E+07  4.140E+08  2.126E+06  2.543E+06  120.5  129.9   17.5   56.0   18.0   15.0    6.0    4.9    4.9
1968  1  1   1  0.00  130.0  -25.0  125.0  3.062E+10  1.031E+11  1.049E+10 6.195E-12  539.1  1044  1.666E+07  4.456E+08  1.598E+06  3.443E+06  152.6  170.4   25.5   22.0   22.0   22.0   39.0   59.1   16.8
1969  1  1   1  0.00  130.0  -25.0  125.0  2.805E+10  9.938E+10  1.118E+10 5.987E-12  515.7   965  1.628E+07  3.671E+08  2.043E+06  2.588E+06  139.6  142.2    7.8    7.0    9.0   12.0    5.0   10.0    8.6
1970  1  1   1  0.00  130.0  -25.0  125.0  2.883E+10  9.983E+10  1.078E+10 6.007E-12  521.2   994  1.649E+07  3.668E+08  1.904E+06  2.790E+06  151.3  152.5    7.5   15.0    7.0    3.0    6.0    3.6    2.2
1971  1  1   1  0.00  130.0  -25.0  125.0  2.853E+10  9.910E+10  1.078E+10 5.964E-12  516.4   956  1.651E+07  3.542E+08  2.048E+06  2.517E+06  133.3  149.8    5.9    6.0    3.0    5.0    4.0    4.8    5.8
1972  1  1   1  0.00  130.0  -25.0  125.0  2.584E+10  9.793E+10  1.224E+10 5.917E-12  499.8   873  1.572E+07  3.598E+08  2.545E+06  2.078E+06  106.8  115.3    7.4    6.0    5.0    4.0    4.0    6.0   12.1
1973  1  1   1  0.00  130.0  -25.0  125.0  2.471E+10  9.806E+10  1.307E+10 5.938E-12  494.7   837  1.529E+07  3.793E+08  2.772E+06  1.972E+06   94.3   99.8   11.2    5.0    7.0   18.0    9.0   15.2   17.5
1974  1  1   1  0.00  130.0  -25.0  125.0  2.320E+10  9.797E+10  1.409E+10 5.949E-12  487.0   773  1.478E+07  3.991E+08  3.197E+06  1.786E+06   72.0   80.9   16.8   15.0   22.0    9.0   12.0   18.2   15.4
1975  1  1   1  0.00  130.0  -25.0  125.0  2.293E+10  9.627E+10  1.380E+10 5.844E-12  480.1   757  1.485E+07  3.515E+08  3.411E+06  1.638E+06   76.1   78.9    7.4    6.0    4.0    5.0    7.0    9.5   12.4
1976  1  1   1  0.00  130.0  -25.0  125.0  2.237E+10  9.517E+10  1.388E+10 5.781E-12  473.8   728  1.476E+07  3.294E+08  3.697E+06  1.511E+06   72.1   72.8    4.4    3.0    7.0    6.0    4.0    4.5    9.6
1977  1  1   1  0.00  130.0  -25.0  125.0  2.292E+10  9.788E+10  1.436E+10 5.952E-12  485.2   772  1.462E+07  3.991E+08  3.250E+06  1.787E+06   76.4   75.4   16.9    7.0   18.0   22.0   22.0    9.8   17.6
1978  1  1   1  0.00  130.0  -25.0  125.0  2.556E+10  9.777E+10  1.255E+10 5.917E-12  498.0   885  1.553E+07  3.570E+08  2.543E+06  2.129E+06  120.2  108.5    6.9    4.0    3.0    5.0    6.0    6.8    5.0
1979  1  1   1  0.00  130.0  -25.0  125.0  3.081E+10  1.018E+11  9.920E+09 6.105E-12  539.0  1086  1.687E+07  3.839E+08  1.535E+06  3.696E+06  195.1  178.0    9.8    4.0    9.0    6.0    6.0   13.2   25.4
1980  1  1   1  0.00  130.0  -25.0  125.0  3.261E+10  1.044E+11  9.416E+09 6.253E-12  554.8  1115  1.712E+07  4.421E+08  1.349E+06  4.300E+06  188.9  198.7   23.9   32.0   18.0   18.0    9.0    8.6   13.9
1981  1  1   1  0.00  130.0  -25.0  125.0  3.179E+10  1.029E+11  9.503E+09 6.165E-12  547.6  1109  1.707E+07  4.015E+08  1.423E+06  4.054E+06  199.0  191.6   13.1    9.0    7.0   18.0    9.0   14.4   14.2
1982  1  1   1  0.00  130.0  -25.0  125.0  3.186E+10  1.020E+11  9.312E+09 6.112E-12  543.3  1076  1.721E+07  3.769E+08  1.512E+06  3.646E+06  182.8  193.0    8.9   27.0    9.0    6.0    6.0   16.6   22.0
1983  1  1   1  0.00  130.0  -25.0  125.0  2.974E+10  1.008E+11  1.051E+10 6.061E-12  526.4   983  1.666E+07  3.880E+08  1.854E+06  2.813E+06  134.4  161.9   11.4   12.0    6.0    6.0   12.0    7.5   12.6
1984  1  1   1  0.00  130.0  -25.0  125.0  2.510E+10  1.001E+11  1.334E+10 6.060E-12  502.9   847  1.523E+07  4.423E+08  2.594E+06  2.152E+06   83.8  103.0   28.2   27.0   27.0   18.0   39.0   30.5   33.4
1985  1  1   1  0.00  130.0  -25.0  125.0  2.286E+10  9.923E+10  1.480E+10 6.040E-12  489.5   775  1.446E+07  4.465E+08  3.161E+06  1.890E+06   70.0   73.5   32.8   22.0   12.0   22.0   22.0   25.2   21.1
1986  1  1   1  0.00  130.0  -25.0  125.0  2.283E+10  9.861E+10  1.457E+10 5.996E-12  487.3   763  1.456E+07  4.258E+08  3.249E+06  1.808E+06   66.6   75.0   25.0   27.0   48.0   18.0   22.0   22.6   35.8
1987  1  1   1  0.00  130.0  -25.0  125.0  2.247E+10  9.774E+10  1.461E+10 5.947E-12  482.6   748  1.449E+07  4.014E+08  3.420E+06  1.717E+06   68.1   70.6   18.0   18.0   18.0   22.0   22.0    8.2    4.5
1988  1  1   1  0.00  130.0  -25.0  125.0  2.457E+10  9.661E+10  1.278E+10 5.848E-12  489.4   828  1.540E+07  3.393E+08  2.896E+06  1.848E+06   99.7   99.6    4.8    5.0    7.0    4.0    3.0    4.6    2.6
1989  1  1   1  0.00  130.0  -25.0  125.0  3.297E+10  1.035E+11  9.110E+09 6.200E-12  551.3  1086  1.730E+07  4.091E+08  1.419E+06  3.930E+06  177.6  202.7   15.4   12.0   15.0    9.0   15.0   15.4    9.8
1990  1  1   1  0.00  130.0  -25.0  125.0  3.244E+10  1.041E+11  9.316E+09 6.228E-12  557.0  1163  1.707E+07  4.187E+08  1.268E+06  4.966E+06  236.7  199.7   16.4   18.0   12.0   18.0   12.0   25.4   33.0
1991  1  1   1  0.00  130.0  -25.0  125.0  3.287E+10  1.022E+11  8.825E+09 6.119E-12  547.1  1073  1.745E+07  3.671E+08  1.482E+06  3.685E+06  180.6  205.1    7.5    4.0    4.0    4.0    5.0   13.2    8.5
1992  1  1   1  0.00  130.0  -25.0  125.0  3.264E+10  1.037E+11  8.967E+09 6.192E-12  556.8  1156  1.725E+07  3.954E+08  1.287E+06  4.822E+06  235.0  206.4   11.6   22.0    9.0    9.0   12.0    9.6    9.9
1993  1  1   1  0.00  130.0  -25.0  125.0  2.750E+10  9.950E+10  1.157E+10 6.000E-12  513.0   940  1.610E+07  3.811E+08  2.144E+06  2.471E+06  125.8  134.7   10.4    7.0    7.0    7.0   15.0   11.0   10.0
1994  1  1   1  0.00  130.0  -25.0  125.0  2.597E+10  1.005E+11  1.342E+10 6.107E-12  508.0   934  1.513E+07  4.403E+08  2.237E+06  2.611E+06  136.2  102.7   25.6   27.0   27.0   32.0   32.0   23.4    5.6
1995  1  1   1  0.00  130.0  -25.0  125.0  2.288E+10  9.539E+10  1.353E+10 5.786E-12  477.2   746  1.496E+07  3.292E+08  3.517E+06  1.558E+06   74.8   80.3    4.1    4.0    2.0    5.0    3.0    4.2    4.9
1996  1  1   1  0.00  130.0  -25.0  125.0  2.228E+10  9.527E+10  1.401E+10 5.790E-12  473.5   727  1.469E+07  3.328E+08  3.711E+06  1.518E+06   72.7   70.9    4.9    4.0    5.0    5.0    2.0    6.8    3.5
1997  1  1   1  0.00  130.0  -25.0  125.0  2.248E+10  9.524E+10  1.377E+10 5.782E-12  474.7   728  1.482E+07  3.305E+08  3.669E+06  1.512E+06   69.8   75.2    4.5    4.0    4.0    3.0    3.0    5.1    7.6
1998  1  1   1  0.00  130.0  -25.0  125.0  2.400E+10  9.618E+10  1.316E+10 5.833E-12  485.0   813  1.517E+07  3.344E+08  3.048E+06  1.789E+06  101.1   90.3    4.2    3.0    3.0    3.0   12.0    3.2   16.5
1999  1  1   1  0.00  130.0  -25.0  125.0  2.819E+10  9.927E+10  1.128E+10 5.990E-12  516.3  1000  1.618E+07  3.595E+08  1.943E+06  2.822E+06  168.8  139.6    6.2    5.0    6.0    5.0    4.0    4.1    4.8
2000  1  1   1  0.00  130.0  -25.0  125.0  3.005E+10  1.028E+11  1.091E+10 6.188E-12  533.4   993  1.648E+07  4.560E+08  1.747E+06  3.072E+06  125.8  160.6   30.1   15.0   32.0   18.0   27.0   35.4   22.8
2001  1  1   1  0.00  130.0  -25.0  125.0  2.960E+10  9.905E+10  1.004E+10 5.949E-12  523.0  1008  1.686E+07  3.312E+08  1.852E+06  2.821E+06  163.9  165.8    2.5    2.0    2.0    4.0    4.0    1.6    2.9
2002  1  1   1  0.00  130.0  -25.0  125.0  3.300E+10  1.033E+11  8.541E+09 6.160E-12  558.0  1154  1.746E+07  3.721E+08  1.292E+06  4.784E+06  237.5  215.5    7.8    4.0    5.0    5.0    9.0   12.8   18.1
2003  1  1   1  0.00  130.0  -25.0  125.0  2.816E+10  9.891E+10  1.102E+10 5.959E-12  512.6   913  1.640E+07  3.604E+08  2.199E+06  2.308E+06  111.3  144.1    7.1    5.0    7.0    5.0   12.0    5.2   11.4
2004  1  1   1  0.00  130.0  -25.0  125.0  2.633E+10  1.005E+11  1.263E+10 6.073E-12  510.1   899  1.559E+07  4.347E+08  2.307E+06  2.375E+06  102.1  117.7   24.2   22.0   39.0   22.0   27.0   20.9    7.9
2005  1  1   1  0.00  130.0  -25.0  125.0  2.470E+10  9.897E+10  1.339E+10 5.998E-12  497.6   847  1.516E+07  4.077E+08  2.692E+06  2.076E+06   95.2   97.6   17.5   18.0   15.0    9.0   15.0    7.4   17.0
2006  1  1   1  0.00  130.0  -25.0  125.0  2.334E+10  9.636E+10  1.358E+10 5.847E-12  482.4   778  1.497E+07  3.483E+08  3.258E+06  1.700E+06   84.5   83.3    6.6    6.0   12.0    4.0    3.0   10.2    8.0
2007  1  1   1  0.00  130.0  -25.0  125.0  2.325E+10  9.688E+10  1.380E+10 5.882E-12  483.6   778  1.487E+07  3.640E+08  3.240E+06  1.733E+06   82.3   81.3    9.2   12.0   22.0   12.0    4.0    2.4    2.6
2008  1  1   1  0.00  130.0  -25.0  125.0  2.237E+10  9.508E+10  1.388E+10 5.777E-12  473.4   730  1.475E+07  3.268E+08  3.695E+06  1.512E+06   74.2   72.5    4.0    3.0    3.0    4.0    3.0    6.0    3.1
2009  1  1   1  0.00  130.0  -25.0  125.0  2.202E+10  9.569E+10  1.430E+10 5.820E-12  473.6   716  1.456E+07  3.474E+08  3.773E+06  1.520E+06   67.0   67.3    7.2    6.0    9.0    7.0   12.0   10.9    4.9
2010  1  1   1  0.00  130.0  -25.0  125.0  2.255E+10  9.402E+10  1.340E+10 5.704E-12  471.2   729  1.497E+07  2.994E+08  3.734E+06  1.451E+06   77.2   77.0    0.5    0.0    0.0    0.0    0.0    0.2    0.0
2011  1  1   1  0.00  130.0  -25.0  125.0  2.320E+10  9.554E+10  1.349E+10 5.799E-12  478.9   772  1.498E+07  3.280E+08  3.358E+06  1.637E+06   87.9   81.6    3.8    5.0    4.0    3.0    0.0    3.8    5.2
2012  1  1   1  0.00  130.0  -25.0  125.0  2.692E+10  9.793E+10  1.155E+10 5.907E-12  505.5   920  1.608E+07  3.429E+08  2.305E+06  2.266E+06  128.5  129.2    4.5    6.0    6.0    2.0    3.0    5.0    7.4
2013  1  1   1  0.00  130.0  -25.0  125.0  2.548E+10  9.600E+10  1.195E+10 5.798E-12  492.2   853  1.583E+07  3.127E+08  2.738E+06  1.880E+06  109.8  113.5    1.1    0.0    2.0    0.0    2.0    1.6    3.8
2014  1  1   1  0.00  130.0  -25.0  125.0  2.877E+10  1.004E+11  1.097E+10 6.043E-12  522.0   984  1.641E+07  3.872E+08  1.915E+06  2.775E+06  140.5  150.5   11.1   15.0   22.0    7.0    7.0    4.5    3.2
2015  1  1   1  0.00  130.0  -25.0  125.0  2.834E+10  9.892E+10  1.086E+10 5.955E-12  514.8   946  1.646E+07  3.529E+08  2.094E+06  2.454E+06  129.2  147.4    5.8    5.0    5.0    4.0    4.0    7.5   11.4
2016  1  1   1  0.00  130.0  -25.0  125.0  2.538E+10  1.003E+11  1.324E+10 6.071E-12  505.1   869  1.528E+07  4.434E+08  2.489E+06  2.248E+06   93.0  105.6   28.1    4.0    6.0   18.0   48.0   47.9    6.6
2017  1  1   1  0.00  130.0  -25.0  125.0  2.266E+10  9.705E+10  1.424E+10 5.898E-12  481.2   750  1.465E+07  3.775E+08  3.428E+06  1.674E+06   71.1   74.2   12.2   15.0    9.0    9.0   12.0   15.6    3.4
2018  1  1   1  0.00  130.0  -25.0  125.0  2.228E+10  9.650E+10  1.436E+10 5.868E-12  477.5   732  1.457E+07  3.664E+08  3.603E+06  1.600E+06   68.3   69.7   10.4    4.0   12.0    9.0    9.0    7.4    2.4
2019  1  1   1  0.00  130.0  -25.0  125.0  2.201E+10  9.508E+10  1.410E+10 5.779E-12  471.7   711  1.464E+07  3.316E+08  3.842E+06  1.472E+06   67.0   68.4    4.9    2.0    7.0    6.0   12.0    5.0    9.4
2020  1  1   1  0.00  130.0  -25.0  125.0  2.199E+10  9.435E+10  1.389E+10 5.732E-12  469.3   706  1.472E+07  3.139E+08  3.921E+06  1.423E+06   68.2   69.2    2.5    5.0    3.0    3.0    0.0    2.2    2.4
2021  1  1   1  0.00  130.0  -25.0  125.0  2.285E+10  9.490E+10  1.344E+10 5.757E-12  475.4   746  1.498E+07  3.169E+08  3.555E+06  1.533E+06   78.5   79.8    2.5    5.0    2.0    2.0    3.0    1.9    6.0
