2008  9  1 245  0.00    0.0  -25.0  125.0  9.999E-38  1.940E+19  5.203E+18 1.194E-03  292.3   637  1.292E+14  2.319E+17  9.999E-38  9.999E-38   67.9   68.0    2.9    2.0    3.0    2.0    0.0    4.5    2.1
2008  9  1 245  0.00    5.0  -25.0  125.0  9.999E-38  1.154E+19  3.095E+18 7.104E-04  267.0   637  7.686E+13  1.379E+17  9.999E-38  9.999E-38   67.9   68.0    2.9    2.0    3.0    2.0    0.0    4.5    2.1
2008  9  1 245  0.00   10.0  -25.0  125.0  9.999E-38  6.656E+18  1.785E+18 4.097E-04  235.5   637  4.432E+13  7.954E+16  9.999E-38  9.999E-38   67.9   68.0    2.9    2.0    3.0    2.0    0.0    4.5    2.1
2008  9  1 245  0.00   15.0  -25.0  125.0  9.999E-38  3.479E+18  9.329E+17 2.142E-04  207.7   637  2.317E+13  4.158E+16  9.999E-38  9.999E-38   67.9   68.0    2.9    2.0    3.0    2.0    0.0    4.5    2.1
2008  9  1 245  0.00   20.0  -25.0  125.0  9.999E-38  1.519E+18  4.073E+17 9.350E-05  209.5   637  1.012E+13  1.815E+16  9.999E-38  9.999E-38   67.9   68.0    2.9    2.0    3.0    2.0    0.0    4.5    2.1
2008  9  1 245  0.00   25.0  -25.0  125.0  9.999E-38  6.592E+17  1.768E+17 4.058E-05  219.1   637  4.390E+12  7.878E+15  9.999E-38  9.999E-38   67.9   68.0    2.9    2.0    3.0    2.0    0.0    4.5    2.1
2008  9  1 245  0.00   30.0  -25.0  125.0  9.999E-38  2.993E+17  8.025E+16 1.842E-05  225.8   637  1.993E+12  3.577E+15  9.999E-38  9.999E-38   67.9   68.0    2.9    2.0    3.0    2.0    0.0    4.5    2.1
2008  9  1 245  0.00   35.0  -25.0  125.0  9.999E-38  1.382E+17  3.706E+16 8.507E-06  234.7   637  9.203E+11  1.652E+15  9.999E-38  9.999E-38   67.9   68.0    2.9    2.0    3.0    2.0    0.0    4.5    2.1
2008  9  1 245  0.00   40.0  -25.0  125.0  9.999E-38  6.538E+16  1.753E+16 4.025E-06  245.9   637  4.354E+11  7.814E+14  9.999E-38  9.999E-38   67.9   68.0    2.9    2.0    3.0    2.0    0.0    4.5    2.1
2008  9  1 245  0.00   45.0  -25.0  125.0  9.999E-38  3.193E+16  8.562E+15 1.965E-06  258.5   637  2.126E+11  3.816E+14  9.999E-38  9.999E-38   67.9   68.0    2.9    2.0    3.0    2.0    0.0    4.5    2.1
2008  9  1 245  0.00   50.0  -25.0  125.0  9.999E-38  1.665E+16  4.466E+15 1.025E-06  260.1   637  1.109E+11  1.990E+14  9.999E-38  9.999E-38   67.9   68.0    2.9    2.0    3.0    2.0    0.0    4.5    2.1
2008  9  1 245  0.00   55.0  -25.0  125.0  4.576E+07  8.992E+15  2.411E+15 5.535E-07  249.8   637  5.988E+10  1.075E+14  9.999E-38  9.999E-38   67.9   68.0    2.9    2.0    3.0    2.0    0.0    4.5    2.1
2008  9  1 245  0.00   60.0  -25.0  125.0  3.920E+07  4.759E+15  1.276E+15 2.930E-07  237.3   637  3.169E+10  5.688E+13  9.999E-38  9.999E-38   67.9   68.0    2.9    2.0    3.0    2.0    0.0    4.5    2.1
2008  9  1 245  0.00   65.0  -25.0  125.0  4.703E+07  2.450E+15  6.569E+14 1.508E-07  223.0   637  1.631E+10  2.927E+13  9.999E-38  9.999E-38   67.9   68.0    2.9    2.0    3.0    2.0    0.0    4.5    2.1
2008  9  1 245  0.00   70.0  -25.0  125.0  9.459E+07  1.201E+15  3.221E+14 7.394E-08  210.2   637  7.999E+09  1.435E+13  9.999E-38  9.999E-38   67.9   68.0    2.9    2.0    3.0    2.0    0.0    4.5    2.1
2008  9  1 245  0.00   75.0  -25.0  125.0  2.137E+08  5.572E+14  1.494E+14 3.430E-08  201.3   637  3.711E+09  6.659E+12  9.999E-38  9.999E-38   67.9   68.0    2.9    2.0    3.0    2.0    0.0    4.5    2.1
2008  9  1 245  0.00   80.0  -25.0  125.0  2.186E+09  2.476E+14  6.639E+13 1.524E-08  195.5   637  1.671E+09  2.959E+12  1.415E+08  9.999E-38   67.9   68.0    2.9    2.0    3.0    2.0    0.0    4.5    2.1
2008  9  1 245  0.00   85.0  -25.0  125.0  1.019E+11  1.066E+14  2.859E+13 6.566E-09  192.8   637  7.607E+08  1.274E+12  1.623E+08  9.999E-38   67.9   68.0    2.9    2.0    3.0    2.0    0.0    4.5    2.1
2008  9  1 245  0.00   90.0  -25.0  125.0  3.868E+11  4.539E+13  1.213E+13 2.802E-09  190.7   637  3.674E+08  5.370E+11  9.746E+07  9.999E-38   67.9   68.0    2.9    2.0    3.0    2.0    0.0    4.5    2.1
2008  9  1 245  0.00   95.0  -25.0  125.0  5.603E+11  1.916E+13  5.047E+12 1.189E-09  189.3   637  2.017E+08  2.184E+11  5.836E+07  3.970E+04   67.9   68.0    2.9    2.0    3.0    2.0    0.0    4.5    2.1
2008  9  1 245  0.00  100.0  -25.0  125.0  4.545E+11  8.015E+12  2.030E+12 4.982E-10  191.5   637  1.257E+08  8.268E+10  3.670E+07  7.815E+04   67.9   68.0    2.9    2.0    3.0    2.0    0.0    4.5    2.1
2008  9  1 245  0.00  105.0  -25.0  125.0  2.710E+11  3.319E+12  7.864E+11 2.053E-10  202.1   637  8.747E+07  2.873E+10  2.393E+07  1.437E+05   67.9   68.0    2.9    2.0    3.0    2.0    0.0    4.5    2.1
2008  9  1 245  0.00  110.0  -25.0  125.0  1.630E+11  1.387E+12  3.032E+11 8.559E-11  226.5   637  6.569E+07  9.725E+09  1.608E+07  2.521E+05   67.9   68.0    2.9    2.0    3.0    2.0    0.0    4.5    2.1
2008  9  1 245  0.00  115.0  -25.0  125.0  9.988E+10  6.122E+11  1.230E+11 3.790E-11  265.6   637  5.026E+07  3.452E+09  1.084E+07  4.247E+05   67.9   68.0    2.9    2.0    3.0    2.0    0.0    4.5    2.1
2008  9  1 245  0.00  120.0  -25.0  125.0  6.327E+10  2.948E+11  5.451E+10 1.838E-11  317.5   637  3.941E+07  1.344E+09  7.499E+06  6.880E+05   67.9   68.0    2.9    2.0    3.0    2.0    0.0    4.5    2.1
2008  9  1 245  0.00  125.0  -25.0  125.0  4.237E+10  1.570E+11  2.687E+10 9.898E-12  375.8   637  3.166E+07  5.863E+08  5.401E+06  1.078E+06   67.9   68.0    2.9    2.0    3.0    2.0    0.0    4.5    2.1
2008  9  1 245  0.00  130.0  -25.0  125.0  3.039E+10  9.311E+10  1.485E+10 5.947E-12  426.6   637  2.674E+07  2.901E+08  4.115E+06  1.651E+06   67.9   68.0    2.9    2.0    3.0    2.0    0.0    4.5    2.1
2008  9  1 245  0.00  135.0  -25.0  125.0  2.295E+10  5.960E+10  8.907E+09 3.866E-12  467.4   637  2.350E+07  1.571E+08  3.287E+06  2.445E+06   67.9   68.0    2.9    2.0    3.0    2.0    0.0    4.5    2.1
2008  9  1 245  0.00  140.0  -25.0  125.0  1.796E+10  4.016E+10  5.643E+09 2.651E-12  500.3   637  2.121E+07  9.028E+07  2.714E+06  3.479E+06   67.9   68.0    2.9    2.0    3.0    2.0    0.0    4.5    2.1
2008  9  1 245  0.00  145.0  -25.0  125.0  1.442E+10  2.805E+10  3.720E+09 1.890E-12  526.7   637  1.950E+07  5.417E+07  2.297E+06  4.746E+06   67.9   68.0    2.9    2.0    3.0    2.0    0.0    4.5    2.1
2008  9  1 245  0.00  150.0  -25.0  125.0  1.179E+10  2.012E+10  2.525E+09 1.386E-12  548.0   637  1.816E+07  3.363E+07  1.983E+06  6.190E+06   67.9   68.0    2.9    2.0    3.0    2.0    0.0    4.5    2.1
2008  9  1 245  0.00  155.0  -25.0  125.0  9.765E+09  1.471E+10  1.753E+09 1.038E-12  565.1   637  1.707E+07  2.142E+07  1.740E+06  7.718E+06   67.9   68.0    2.9    2.0    3.0    2.0    0.0    4.5    2.1
2008  9  1 245  0.00  160.0  -25.0  125.0  8.166E+09  1.091E+10  1.238E+09 7.915E-13  578.9   637  1.617E+07  1.392E+07  1.549E+06  9.215E+06   67.9   68.0    2.9    2.0    3.0    2.0    0.0    4.5    2.1
2008  9  1 245  0.00  165.0  -25.0  125.0  6.884E+09  8.188E+09  8.859E+08 6.118E-13  590.0   637  1.539E+07  9.194E+06  1.397E+06  1.056E+07   67.9   68.0    2.9    2.0    3.0    2.0    0.0    4.5    2.1
2008  9  1 245  0.00  170.0  -25.0  125.0  5.839E+09  6.198E+09  6.410E+08 4.783E-13  599.0   637  1.471E+07  6.150E+06  1.274E+06  1.164E+07   67.9   68.0    2.9    2.0    3.0    2.0    0.0    4.5    2.1
2008  9  1 245  0.00  175.0  -25.0  125.0  4.977E+09  4.726E+09  4.679E+08 3.776E-13  606.2   637  1.409E+07  4.158E+06  1.174E+06  1.240E+07   67.9   68.0    2.9    2.0    3.0    2.0    0.0    4.5    2.1
2008  9  1 245  0.00  180.0  -25.0  125.0  4.260E+09  3.623E+09  3.440E+08 3.006E-13  612.0   637  1.353E+07  2.835E+06  1.092E+06  1.280E+07   67.9   68.0    2.9    2.0    3.0    2.0    0.0    4.5    2.1
2008  9  1 245  0.00  185.0  -25.0  125.0  3.658E+09  2.790E+09  2.543E+08 2.410E-13  616.7   637  1.302E+07  1.946E+06  1.025E+06  1.286E+07   67.9   68.0    2.9    2.0    3.0    2.0    0.0    4.5    2.1
2008  9  1 245  0.00  190.0  -25.0  125.0  3.150E+09  2.156E+09  1.889E+08 1.945E-13  620.5   637  1.254E+07  1.344E+06  9.699E+05  1.263E+07   67.9   68.0    2.9    2.0    3.0    2.0    0.0    4.5    2.1
2008  9  1 245  0.00  195.0  -25.0  125.0  2.718E+09  1.672E+09  1.409E+08 1.579E-13  623.6   637  1.208E+07  9.324E+05  9.237E+05  1.217E+07   67.9   68.0    2.9    2.0    3.0    2.0    0.0    4.5    2.1
2008  9  1 245  0.00  200.0  -25.0  125.0  2.350E+09  1.299E+09  1.055E+08 1.288E-13  626.1   637  1.165E+07  6.494E+05  8.850E+05  1.154E+07   67.9   68.0    2.9    2.0    3.0    2.0    0.0    4.5    2.1
2008  9  1 245  0.00  205.0  -25.0  125.0  2.034E+09  1.012E+09  7.912E+07 1.057E-13  628.1   637  1.124E+07  4.539E+05  8.523E+05  1.079E+07   67.9   68.0    2.9    2.0    3.0    2.0    0.0    4.5    2.1
2008  9  1 245  0.00  210.0  -25.0  125.0  1.763E+09  7.890E+08  5.950E+07 8.703E-14  629.7   637  1.085E+07  3.180E+05  8.246E+05  9.989E+06   67.9   68.0    2.9    2.0    3.0    2.0    0.0    4.5    2.1
2008  9  1 245  0.00  215.0  -25.0  125.0  1.530E+09  6.163E+08  4.483E+07 7.199E-14  631.0   637  1.048E+07  2.234E+05  8.009E+05  9.164E+06   67.9   68.0    2.9    2.0    3.0    2.0    0.0    4.5    2.1
2008  9  1 245  0.00  220.0  -25.0  125.0  1.328E+09  4.820E+08  3.383E+07 5.979E-14  632.0   637  1.012E+07  1.572E+05  7.805E+05  8.349E+06   67.9   68.0    2.9    2.0    3.0    2.0    0.0    4.5    2.1
2008  9  1 245  0.00  225.0  -25.0  125.0  1.155E+09  3.774E+08  2.556E+07 4.984E-14  632.9   637  9.774E+06  1.108E+05  7.627E+05  7.565E+06   67.9   68.0    2.9    2.0    3.0    2.0    0.0    4.5    2.1
2008  9  1 245  0.00  230.0  -25.0  125.0  1.004E+09  2.957E+08  1.934E+07 4.169E-14  633.6   637  9.442E+06  7.824E+04  7.471E+05  6.824E+06   67.9   68.0    2.9    2.0    3.0    2.0    0.0    4.5    2.1
2008  9  1 245  0.00  235.0  -25.0  125.0  8.736E+08  2.319E+08  1.465E+07 3.499E-14  634.1   637  9.122E+06  5.531E+04  7.333E+05  6.134E+06   67.9   68.0    2.9    2.0    3.0    2.0    0.0    4.5    2.1
2008  9  1 245  0.00  240.0  -25.0  125.0  7.605E+08  1.820E+08  1.110E+07 2.945E-14  634.6   637  8.814E+06  3.914E+04  7.210E+05  5.499E+06   67.9   68.0    2.9    2.0    3.0    2.0    0.0    4.5    2.1
2008  9  1 245  0.00  245.0  -25.0  125.0  6.623E+08  1.430E+08  8.423E+06 2.487E-14  635.0   637  8.517E+06  2.773E+04  7.098E+05  4.920E+06   67.9   68.0    2.9    2.0    3.0    2.0    0.0    4.5    2.1
2008  9  1 245  0.00  250.0  -25.0  125.0  5.770E+08  1.124E+08  6.394E+06 2.106E-14  635.2   637  8.230E+06  1.966E+04  6.997E+05  4.394E+06   67.9   68.0    2.9    2.0    3.0    2.0    0.0    4.5    2.1
2008  9  1 245  0.00  255.0  -25.0  125.0  5.029E+08  8.834E+07  4.858E+06 1.787E-14  635.5   637  7.953E+06  1.395E+04  6.904E+05  3.919E+06   67.9   68.0    2.9    2.0    3.0    2.0    0.0    4.5    2.1
2008  9  1 245  0.00  260.0  -25.0  125.0  4.384E+08  6.950E+07  3.693E+06 1.521E-14  635.7   637  7.686E+06  9.907E+03  6.818E+05  3.493E+06   67.9   68.0    2.9    2.0    3.0    2.0    0.0    4.5    2.1
2008  9  1 245  0.00  265.0  -25.0  125.0  3.824E+08  5.470E+07  2.809E+06 1.298E-14  635.8   637  7.429E+06  7.041E+03  6.737E+05  3.110E+06   67.9   68.0    2.9    2.0    3.0    2.0    0.0    4.5    2.1
2008  9  1 245  0.00  270.0  -25.0  125.0  3.336E+08  4.307E+07  2.138E+06 1.109E-14  636.0   637  7.180E+06  5.007E+03  6.662E+05  2.768E+06   67.9   68.0    2.9    2.0    3.0    2.0    0.0    4.5    2.1
2008  9  1 245  0.00  275.0  -25.0  125.0  2.911E+08  3.393E+07  1.628E+06 9.502E-15  636.1   637  6.941E+06  3.563E+03  6.590E+05  2.462E+06   67.9   68.0    2.9    2.0    3.0    2.0    0.0    4.5    2.1
2008  9  1 245  0.00  280.0  -25.0  125.0  2.540E+08  2.674E+07  1.240E+06 8.156E-15  636.2   637  6.709E+06  2.537E+03  6.522E+05  2.190E+06   67.9   68.0    2.9    2.0    3.0    2.0    0.0    4.5    2.1
2008  9  1 245  0.00  285.0  -25.0  125.0  2.218E+08  2.109E+07  9.453E+05 7.013E-15  636.2   637  6.486E+06  1.808E+03  6.456E+05  1.948E+06   67.9   68.0    2.9    2.0    3.0    2.0    0.0    4.5    2.1
2008  9  1 245  0.00  290.0  -25.0  125.0  1.937E+08  1.663E+07  7.208E+05 6.040E-15  636.3   637  6.270E+06  1.289E+03  6.393E+05  1.732E+06   67.9   68.0    2.9    2.0    3.0    2.0    0.0    4.5    2.1
2008  9  1 245  0.00  295.0  -25.0  125.0  1.691E+08  1.312E+07  5.499E+05 5.211E-15  636.3   637  6.062E+06  9.193E+02  6.333E+05  1.540E+06   67.9   68.0    2.9    2.0    3.0    2.0    0.0    4.5    2.1
2008  9  1 245  0.00  300.0  -25.0  125.0  1.478E+08  1.036E+07  4.197E+05 4.502E-15  636.4   637  5.861E+06  6.561E+02  6.274E+05  1.369E+06   67.9   68.0    2.9    2.0    3.0    2.0    0.0    4.5    2.1
2008  9  1 245  0.00  305.0  -25.0  125.0  1.291E+08  8.181E+06  3.205E+05 3.895E-15  636.4   637  5.667E+06  4.685E+02  6.216E+05  1.217E+06   67.9   68.0    2.9    2.0    3.0    2.0    0.0    4.5    2.1
2008  9  1 245  0.00  310.0  -25.0  125.0  1.129E+08  6.463E+06  2.448E+05 3.375E-15  636.4   637  5.479E+06  3.348E+02  6.160E+05  1.082E+06   67.9   68.0    2.9    2.0    3.0    2.0    0.0    4.5    2.1
2008  9  1 245  0.00  315.0  -25.0  125.0  9.866E+07  5.107E+06  1.871E+05 2.927E-15  636.4   637  5.298E+06  2.393E+02  6.106E+05  9.626E+05   67.9   68.0    2.9    2.0    3.0    2.0    0.0    4.5    2.1
2008  9  1 245  0.00  320.0  -25.0  125.0  8.627E+07  4.038E+06  1.431E+05 2.542E-15  636.5   637  5.123E+06  1.712E+02  6.052E+05  8.561E+05   67.9   68.0    2.9    2.0    3.0    2.0    0.0    4.5    2.1
2008  9  1 245  0.00  325.0  -25.0  125.0  7.545E+07  3.193E+06  1.094E+05 2.210E-15  636.5   637  4.955E+06  1.225E+02  5.999E+05  7.615E+05   67.9   68.0    2.9    2.0    3.0    2.0    0.0    4.5    2.1
2008  9  1 245  0.00  330.0  -25.0  125.0  6.600E+07  2.526E+06  8.373E+04 1.924E-15  636.5   637  4.792E+06  8.769E+01  5.947E+05  6.774E+05   67.9   68.0    2.9    2.0    3.0    2.0    0.0    4.5    2.1
2008  9  1 245  0.00  335.0  -25.0  125.0  5.774E+07  1.999E+06  6.409E+04 1.676E-15  636.5   637  4.634E+06  6.282E+01  5.897E+05  6.027E+05   67.9   68.0    2.9    2.0    3.0    2.0    0.0    4.5    2.1
2008  9  1 245  0.00  340.0  -25.0  125.0  5.053E+07  1.583E+06  4.908E+04 1.462E-15  636.5   637  4.482E+06  4.502E+01  5.846E+05  5.364E+05   67.9   68.0    2.9    2.0    3.0    2.0    0.0    4.5    2.1
2008  9  1 245  0.00  345.0  -25.0  125.0  4.423E+07  1.253E+06  3.760E+04 1.276E-15  636.5   637  4.336E+06  3.228E+01  5.797E+05  4.774E+05   67.9   68.0    2.9    2.0    3.0    2.0    0.0    4.5    2.1
2008  9  1 245  0.00  350.0  -25.0  125.0  3.872E+07  9.931E+05  2.882E+04 1.115E-15  636.5   637  4.194E+06  2.316E+01  5.748E+05  4.249E+05   67.9   68.0    2.9    2.0    3.0    2.0    0.0    4.5    2.1
2008  9  1 245  0.00  355.0  -25.0  125.0  3.390E+07  7.870E+05  2.210E+04 9.752E-16  636.5   637  4.057E+06  1.662E+01  5.700E+05  3.783E+05   67.9   68.0    2.9    2.0    3.0    2.0    0.0    4.5    2.1
2008  9  1 245  0.00  360.0  -25.0  125.0  2.969E+07  6.240E+05  1.695E+04 8.537E-16  636.5   637  3.925E+06  1.194E+01  5.652E+05  3.369E+05   67.9   68.0    2.9    2.0    3.0    2.0    0.0    4.5    2.1
2008  9  1 245  0.00  365.0  -25.0  125.0  2.601E+07  4.949E+05  1.301E+04 7.479E-16  636.5   637  3.797E+06  8.578E+00  5.605E+05  3.000E+05   67.9   68.0    2.9    2.0    3.0    2.0    0.0    4.5    2.1
2008  9  1 245  0.00  370.0  -25.0  125.0  2.279E+07  3.926E+05  9.985E+03 6.558E-16  636.5   637  3.674E+06  6.166E+00  5.559E+05  2.672E+05   67.9   68.0    2.9    2.0    3.0    2.0    0.0    4.5    2.1
2008  9  1 245  0.00  375.0  -25.0  125.0  1.997E+07  3.116E+05  7.668E+03 5.756E-16  636.5   637  3.554E+06  4.435E+00  5.513E+05  2.381E+05   67.9   68.0    2.9    2.0    3.0    2.0    0.0    4.5    2.1
2008  9  1 245  0.00  380.0  -25.0  125.0  1.751E+07  2.474E+05  5.891E+03 5.056E-16  636.5   637  3.439E+06  3.191E+00  5.467E+05  2.121E+05   67.9   68.0    2.9    2.0    3.0    2.0    0.0    4.5    2.1
2008  9  1 245  0.00  385.0  -25.0  125.0  1.535E+07  1.965E+05  4.528E+03 4.445E-16  636.5   637  3.328E+06  2.297E+00  5.422E+05  1.890E+05   67.9   68.0    2.9    2.0    3.0    2.0    0.0    4.5    2.1
2008  9  1 245  0.00  390.0  -25.0  125.0  1.346E+07  1.561E+05  3.481E+03 3.912E-16  636.5   637  3.220E+06  1.655E+00  5.378E+05  1.685E+05   67.9   68.0    2.9    2.0    3.0    2.0    0.0    4.5    2.1
2008  9  1 245  0.00  395.0  -25.0  125.0  1.180E+07  1.240E+05  2.678E+03 3.446E-16  636.5   637  3.116E+06  1.192E+00  5.333E+05  1.502E+05   67.9   68.0    2.9    2.0    3.0    2.0    0.0    4.5    2.1
2008  9  1 245  0.00  400.0  -25.0  125.0  1.035E+07  9.861E+04  2.060E+03 3.038E-16  636.5   637  3.016E+06  8.597E-01  5.290E+05  1.339E+05   67.9   68.0    2.9    2.0    3.0    2.0    0.0    4.5    2.1
2008  9  1 245  0.00  405.0  -25.0  125.0  9.083E+06  7.842E+04  1.586E+03 2.681E-16  636.5   637  2.919E+06  6.201E-01  5.247E+05  1.194E+05   67.9   68.0    2.9    2.0    3.0    2.0    0.0    4.5    2.1
2008  9  1 245  0.00  410.0  -25.0  125.0  7.971E+06  6.239E+04  1.221E+03 2.369E-16  636.5   637  2.825E+06  4.475E-01  5.204E+05  1.065E+05   67.9   68.0    2.9    2.0    3.0    2.0    0.0    4.5    2.1
2008  9  1 245  0.00  415.0  -25.0  125.0  6.996E+06  4.965E+04  9.409E+02 2.095E-16  636.5   637  2.734E+06  3.231E-01  5.162E+05  9.504E+04   67.9   68.0    2.9    2.0    3.0    2.0    0.0    4.5    2.1
2008  9  1 245  0.00  420.0  -25.0  125.0  6.141E+06  3.952E+04  7.251E+02 1.855E-16  636.5   637  2.647E+06  2.334E-01  5.120E+05  8.480E+04   67.9   68.0    2.9    2.0    3.0    2.0    0.0    4.5    2.1
2008  9  1 245  0.00  425.0  -25.0  125.0  5.392E+06  3.147E+04  5.590E+02 1.644E-16  636.5   637  2.562E+06  1.687E-01  5.078E+05  7.567E+04   67.9   68.0    2.9    2.0    3.0    2.0    0.0    4.5    2.1
2008  9  1 245  0.00  430.0  -25.0  125.0  4.736E+06  2.507E+04  4.311E+02 1.459E-16  636.5   637  2.480E+06  1.220E-01  5.037E+05  6.754E+04   67.9   68.0    2.9    2.0    3.0    2.0    0.0    4.5    2.1
2008  9  1 245  0.00  435.0  -25.0  125.0  4.160E+06  1.998E+04  3.326E+02 1.297E-16  636.5   637  2.401E+06  8.824E-02  4.996E+05  6.029E+04   67.9   68.0    2.9    2.0    3.0    2.0    0.0    4.5    2.1
2008  9  1 245  0.00  440.0  -25.0  125.0  3.655E+06  1.593E+04  2.568E+02 1.154E-16  636.5   637  2.325E+06  6.386E-02  4.956E+05  5.383E+04   67.9   68.0    2.9    2.0    3.0    2.0    0.0    4.5    2.1
2008  9  1 245  0.00  445.0  -25.0  125.0  3.211E+06  1.270E+04  1.983E+02 1.029E-16  636.5   637  2.251E+06  4.624E-02  4.916E+05  4.807E+04   67.9   68.0    2.9    2.0    3.0    2.0    0.0    4.5    2.1
2008  9  1 245  0.00  450.0  -25.0  125.0  2.822E+06  1.013E+04  1.531E+02 9.181E-17  636.5   637  2.179E+06  3.350E-02  4.877E+05  4.293E+04   67.9   68.0    2.9    2.0    3.0    2.0    0.0    4.5    2.1
2008  9  1 245  0.00  455.0  -25.0  125.0  2.481E+06  8.084E+03  1.183E+02 8.208E-17  636.5   637  2.110E+06  2.428E-02  4.837E+05  3.835E+04   67.9   68.0    2.9    2.0    3.0    2.0    0.0    4.5    2.1
2008  9  1 245  0.00  460.0  -25.0  125.0  2.181E+06  6.453E+03  9.147E+01 7.350E-17  636.5   637  2.043E+06  1.761E-02  4.799E+05  3.426E+04   67.9   68.0    2.9    2.0    3.0    2.0    0.0    4.5    2.1
2008  9  1 245  0.00  465.0  -25.0  125.0  1.918E+06  5.152E+03  7.074E+01 6.593E-17  636.5   637  1.979E+06  1.277E-02  4.760E+05  3.062E+04   67.9   68.0    2.9    2.0    3.0    2.0    0.0    4.5    2.1
2008  9  1 245  0.00  470.0  -25.0  125.0  1.687E+06  4.115E+03  5.472E+01 5.925E-17  636.5   637  1.916E+06  9.271E-03  4.722E+05  2.736E+04   67.9   68.0    2.9    2.0    3.0    2.0    0.0    4.5    2.1
2008  9  1 245  0.00  475.0  -25.0  125.0  1.484E+06  3.288E+03  4.235E+01 5.334E-17  636.5   637  1.856E+06  6.732E-03  4.685E+05  2.446E+04   67.9   68.0    2.9    2.0    3.0    2.0    0.0    4.5    2.1
2008  9  1 245  0.00  480.0  -25.0  125.0  1.306E+06  2.628E+03  3.279E+01 4.813E-17  636.5   637  1.797E+06  4.891E-03  4.647E+05  2.187E+04   67.9   68.0    2.9    2.0    3.0    2.0    0.0    4.5    2.1
2008  9  1 245  0.00  485.0  -25.0  125.0  1.149E+06  2.101E+03  2.539E+01 4.351E-17  636.5   637  1.741E+06  3.555E-03  4.610E+05  1.955E+04   67.9   68.0    2.9    2.0    3.0    2.0    0.0    4.5    2.1
2008  9  1 245  0.00  490.0  -25.0  125.0  1.012E+06  1.681E+03  1.967E+01 3.941E-17  636.5   637  1.686E+06  2.585E-03  4.574E+05  1.749E+04   67.9   68.0    2.9    2.0    3.0    2.0    0.0    4.5    2.1
2008  9  1 245  0.00  495.0  -25.0  125.0  8.906E+05  1.345E+03  1.525E+01 3.578E-17  636.5   637  1.633E+06  1.881E-03  4.537E+05  1.564E+04   67.9   68.0    2.9    2.0    3.0    2.0    0.0    4.5    2.1
2008  9  1 245  0.00  500.0  -25.0  125.0  7.842E+05  1.076E+03  1.182E+01 3.256E-17  636.5   637  1.582E+06  1.369E-03  4.501E+05  1.399E+04   67.9   68.0    2.9    2.0    3.0    2.0    0.0    4.5    2.1
2008  9  1 245  0.00  505.0  -25.0  125.0  6.907E+05  8.615E+02  9.171E+00 2.970E-17  636.5   637  1.533E+06  9.969E-04  4.466E+05  1.252E+04   67.9   68.0    2.9    2.0    3.0    2.0    0.0    4.5    2.1
2008  9  1 245  0.00  510.0  -25.0  125.0  6.084E+05  6.899E+02  7.116E+00 2.715E-17  636.5   637  1.485E+06  7.263E-04  4.431E+05  1.120E+04   67.9   68.0    2.9    2.0    3.0    2.0    0.0    4.5    2.1
2008  9  1 245  0.00  515.0  -25.0  125.0  5.360E+05  5.527E+02  5.523E+00 2.488E-17  636.5   637  1.439E+06  5.293E-04  4.396E+05  1.003E+04   67.9   68.0    2.9    2.0    3.0    2.0    0.0    4.5    2.1
2008  9  1 245  0.00  520.0  -25.0  125.0  4.723E+05  4.429E+02  4.289E+00 2.286E-17  636.5   637  1.394E+06  3.860E-04  4.361E+05  8.977E+03   67.9   68.0    2.9    2.0    3.0    2.0    0.0    4.5    2.1
2008  9  1 245  0.00  525.0  -25.0  125.0  4.163E+05  3.550E+02  3.332E+00 2.105E-17  636.5   637  1.350E+06  2.816E-04  4.327E+05  8.037E+03   67.9   68.0    2.9    2.0    3.0    2.0    0.0    4.5    2.1
2008  9  1 245  0.00  530.0  -25.0  125.0  3.670E+05  2.847E+02  2.589E+00 1.944E-17  636.5   637  1.309E+06  2.055E-04  4.293E+05  7.197E+03   67.9   68.0    2.9    2.0    3.0    2.0    0.0    4.5    2.1
2008  9  1 245  0.00  535.0  -25.0  125.0  3.236E+05  2.284E+02  2.013E+00 1.799E-17  636.5   637  1.268E+06  1.501E-04  4.259E+05  6.446E+03   67.9   68.0    2.9    2.0    3.0    2.0    0.0    4.5    2.1
2008  9  1 245  0.00  540.0  -25.0  125.0  2.853E+05  1.832E+02  1.565E+00 1.669E-17  636.5   637  1.229E+06  1.096E-04  4.226E+05  5.774E+03   67.9   68.0    2.9    2.0    3.0    2.0    0.0    4.5    2.1
2008  9  1 245  0.00  545.0  -25.0  125.0  2.517E+05  1.471E+02  1.217E+00 1.552E-17  636.5   637  1.191E+06  8.014E-05  4.193E+05  5.173E+03   67.9   68.0    2.9    2.0    3.0    2.0    0.0    4.5    2.1
2008  9  1 245  0.00  550.0  -25.0  125.0  2.220E+05  1.181E+02  9.475E-01 1.447E-17  636.5   637  1.154E+06  5.860E-05  4.160E+05  4.635E+03   67.9   68.0    2.9    2.0    3.0    2.0    0.0    4.5    2.1
2008  9  1 245  0.00  555.0  -25.0  125.0  1.959E+05  9.484E+01  7.376E-01 1.352E-17  636.5   637  1.119E+06  4.287E-05  4.128E+05  4.154E+03   67.9   68.0    2.9    2.0    3.0    2.0    0.0    4.5    2.1
2008  9  1 245  0.00  560.0  -25.0  125.0  1.729E+05  7.620E+01  5.744E-01 1.267E-17  636.5   637  1.084E+06  3.137E-05  4.095E+05  3.723E+03   67.9   68.0    2.9    2.0    3.0    2.0    0.0    4.5    2.1
2008  9  1 245  0.00  565.0  -25.0  125.0  1.526E+05  6.124E+01  4.475E-01 1.189E-17  636.5   637  1.051E+06  2.297E-05  4.064E+05  3.338E+03   67.9   68.0    2.9    2.0    3.0    2.0    0.0    4.5    2.1
2008  9  1 245  0.00  570.0  -25.0  125.0  1.347E+05  4.923E+01  3.488E-01 1.119E-17  636.5   637  1.019E+06  1.683E-05  4.032E+05  2.993E+03   67.9   68.0    2.9    2.0    3.0    2.0    0.0    4.5    2.1
2008  9  1 245  0.00  575.0  -25.0  125.0  1.189E+05  3.959E+01  2.719E-01 1.055E-17  636.5   637  9.873E+05  1.233E-05  4.001E+05  2.684E+03   67.9   68.0    2.9    2.0    3.0    2.0    0.0    4.5    2.1
2008  9  1 245  0.00  580.0  -25.0  125.0  1.050E+05  3.185E+01  2.121E-01 9.966E-18  636.5   637  9.571E+05  9.043E-06  3.970E+05  2.407E+03   67.9   68.0    2.9    2.0    3.0    2.0    0.0    4.5    2.1
2008  9  1 245  0.00  585.0  -25.0  125.0  9.277E+04  2.563E+01  1.654E-01 9.434E-18  636.5   637  9.279E+05  6.633E-06  3.939E+05  2.159E+03   67.9   68.0    2.9    2.0    3.0    2.0    0.0    4.5    2.1
2008  9  1 245  0.00  590.0  -25.0  125.0  8.196E+04  2.063E+01  1.291E-01 8.948E-18  636.5   637  8.996E+05  4.868E-06  3.909E+05  1.937E+03   67.9   68.0    2.9    2.0    3.0    2.0    0.0    4.5    2.1
2008  9  1 245  0.00  595.0  -25.0  125.0  7.242E+04  1.661E+01  1.008E-01 8.502E-18  636.5   637  8.722E+05  3.574E-06  3.879E+05  1.738E+03   67.9   68.0    2.9    2.0    3.0    2.0    0.0    4.5    2.1
2008  9  1 245  0.00  600.0  -25.0  125.0  6.400E+04  1.338E+01  7.874E-02 8.092E-18  636.5   637  8.456E+05  2.625E-06  3.849E+05  1.560E+03   67.9   68.0    2.9    2.0    3.0    2.0    0.0    4.5    2.1
2008  9  1 245  0.00  605.0  -25.0  125.0  5.657E+04  1.078E+01  6.152E-02 7.714E-18  636.5   637  8.199E+05  1.929E-06  3.819E+05  1.400E+03   67.9   68.0    2.9    2.0    3.0    2.0    0.0    4.5    2.1
2008  9  1 245  0.00  610.0  -25.0  125.0  5.001E+04  8.687E+00  4.808E-02 7.365E-18  636.5   637  7.951E+05  1.418E-06  3.790E+05  1.257E+03   67.9   68.0    2.9    2.0    3.0    2.0    0.0    4.5    2.1
2008  9  1 245  0.00  615.0  -25.0  125.0  4.422E+04  7.003E+00  3.759E-02 7.043E-18  636.5   637  7.710E+05  1.043E-06  3.761E+05  1.129E+03   67.9   68.0    2.9    2.0    3.0    2.0    0.0    4.5    2.1
2008  9  1 245  0.00  620.0  -25.0  125.0  3.911E+04  5.648E+00  2.940E-02 6.743E-18  636.5   637  7.477E+05  7.675E-07  3.732E+05  1.014E+03   67.9   68.0    2.9    2.0    3.0    2.0    0.0    4.5    2.1
2008  9  1 245  0.00  625.0  -25.0  125.0  3.459E+04  4.556E+00  2.301E-02 6.465E-18  636.5   637  7.251E+05  5.650E-07  3.704E+05  9.104E+02   67.9   68.0    2.9    2.0    3.0    2.0    0.0    4.5    2.1
2008  9  1 245  0.00  630.0  -25.0  125.0  3.060E+04  3.676E+00  1.801E-02 6.206E-18  636.5   637  7.032E+05  4.161E-07  3.675E+05  8.179E+02   67.9   68.0    2.9    2.0    3.0    2.0    0.0    4.5    2.1
2008  9  1 245  0.00  635.0  -25.0  125.0  2.708E+04  2.968E+00  1.410E-02 5.964E-18  636.5   637  6.820E+05  3.066E-07  3.647E+05  7.348E+02   67.9   68.0    2.9    2.0    3.0    2.0    0.0    4.5    2.1
2008  9  1 245  0.00  640.0  -25.0  125.0  2.397E+04  2.396E+00  1.104E-02 5.737E-18  636.5   637  6.615E+05  2.260E-07  3.620E+05  6.603E+02   67.9   68.0    2.9    2.0    3.0    2.0    0.0    4.5    2.1
2008  9  1 245  0.00  645.0  -25.0  125.0  2.121E+04  1.935E+00  8.652E-03 5.525E-18  636.5   637  6.416E+05  1.666E-07  3.592E+05  5.934E+02   67.9   68.0    2.9    2.0    3.0    2.0    0.0    4.5    2.1
2008  9  1 245  0.00  650.0  -25.0  125.0  1.878E+04  1.564E+00  6.781E-03 5.325E-18  636.5   637  6.224E+05  1.229E-07  3.565E+05  5.334E+02   67.9   68.0    2.9    2.0    3.0    2.0    0.0    4.5    2.1
2008  9  1 245  0.00  655.0  -25.0  125.0  1.663E+04  1.264E+00  5.317E-03 5.137E-18  636.5   637  6.037E+05  9.074E-08  3.538E+05  4.795E+02   67.9   68.0    2.9    2.0    3.0    2.0    0.0    4.5    2.1
2008  9  1 245  0.00  660.0  -25.0  125.0  1.473E+04  1.022E+00  4.170E-03 4.960E-18  636.5   637  5.857E+05  6.700E-08  3.511E+05  4.311E+02   67.9   68.0    2.9    2.0    3.0    2.0    0.0    4.5    2.1
2008  9  1 245  0.00  665.0  -25.0  125.0  1.305E+04  8.262E-01  3.272E-03 4.793E-18  636.5   637  5.682E+05  4.950E-08  3.485E+05  3.877E+02   67.9   68.0    2.9    2.0    3.0    2.0    0.0    4.5    2.1
2008  9  1 245  0.00  670.0  -25.0  125.0  1.156E+04  6.683E-01  2.568E-03 4.634E-18  636.5   637  5.512E+05  3.658E-08  3.458E+05  3.487E+02   67.9   68.0    2.9    2.0    3.0    2.0    0.0    4.5    2.1
2008  9  1 245  0.00  675.0  -25.0  125.0  1.024E+04  5.408E-01  2.016E-03 4.484E-18  636.5   637  5.348E+05  2.705E-08  3.432E+05  3.137E+02   67.9   68.0    2.9    2.0    3.0    2.0    0.0    4.5    2.1
2008  9  1 245  0.00  680.0  -25.0  125.0  9.076E+03  4.377E-01  1.584E-03 4.341E-18  636.5   637  5.189E+05  2.001E-08  3.407E+05  2.822E+02   67.9   68.0    2.9    2.0    3.0    2.0    0.0    4.5    2.1
2008  9  1 245  0.00  685.0  -25.0  125.0  8.045E+03  3.544E-01  1.244E-03 4.205E-18  636.5   637  5.035E+05  1.480E-08  3.381E+05  2.539E+02   67.9   68.0    2.9    2.0    3.0    2.0    0.0    4.5    2.1
2008  9  1 245  0.00  690.0  -25.0  125.0  7.132E+03  2.870E-01  9.779E-04 4.075E-18  636.5   637  4.886E+05  1.096E-08  3.356E+05  2.285E+02   67.9   68.0    2.9    2.0    3.0    2.0    0.0    4.5    2.1
2008  9  1 245  0.00  695.0  -25.0  125.0  6.324E+03  2.325E-01  7.689E-04 3.952E-18  636.5   637  4.741E+05  8.117E-09  3.330E+05  2.057E+02   67.9   68.0    2.9    2.0    3.0    2.0    0.0    4.5    2.1
2008  9  1 245  0.00  700.0  -25.0  125.0  5.609E+03  1.884E-01  6.047E-04 3.834E-18  636.5   637  4.601E+05  6.014E-09  3.306E+05  1.852E+02   67.9   68.0    2.9    2.0    3.0    2.0    0.0    4.5    2.1
2008  9  1 245  0.00  705.0  -25.0  125.0  4.975E+03  1.527E-01  4.758E-04 3.721E-18  636.5   637  4.465E+05  4.458E-09  3.281E+05  1.667E+02   67.9   68.0    2.9    2.0    3.0    2.0    0.0    4.5    2.1
2008  9  1 245  0.00  710.0  -25.0  125.0  4.413E+03  1.239E-01  3.745E-04 3.613E-18  636.5   637  4.333E+05  3.306E-09  3.256E+05  1.501E+02   67.9   68.0    2.9    2.0    3.0    2.0    0.0    4.5    2.1
2008  9  1 245  0.00  715.0  -25.0  125.0  3.916E+03  1.005E-01  2.948E-04 3.510E-18  636.5   637  4.206E+05  2.453E-09  3.232E+05  1.352E+02   67.9   68.0    2.9    2.0    3.0    2.0    0.0    4.5    2.1
2008  9  1 245  0.00  720.0  -25.0  125.0  3.475E+03  8.151E-02  2.322E-04 3.410E-18  636.5   637  4.082E+05  1.820E-09  3.208E+05  1.218E+02   67.9   68.0    2.9    2.0    3.0    2.0    0.0    4.5    2.1
2008  9  1 245  0.00  725.0  -25.0  125.0  3.085E+03  6.615E-02  1.829E-04 3.315E-18  636.5   637  3.962E+05  1.352E-09  3.184E+05  1.097E+02   67.9   68.0    2.9    2.0    3.0    2.0    0.0    4.5    2.1
2008  9  1 245  0.00  730.0  -25.0  125.0  2.738E+03  5.370E-02  1.442E-04 3.223E-18  636.5   637  3.846E+05  1.004E-09  3.161E+05  9.884E+01   67.9   68.0    2.9    2.0    3.0    2.0    0.0    4.5    2.1
2008  9  1 245  0.00  735.0  -25.0  125.0  2.431E+03  4.361E-02  1.137E-04 3.135E-18  636.5   637  3.733E+05  7.462E-10  3.137E+05  8.907E+01   67.9   68.0    2.9    2.0    3.0    2.0    0.0    4.5    2.1
2008  9  1 245  0.00  740.0  -25.0  125.0  2.159E+03  3.542E-02  8.963E-05 3.050E-18  636.5   637  3.624E+05  5.548E-10  3.114E+05  8.028E+01   67.9   68.0    2.9    2.0    3.0    2.0    0.0    4.5    2.1
2008  9  1 245  0.00  745.0  -25.0  125.0  1.918E+03  2.878E-02  7.071E-05 2.968E-18  636.5   637  3.518E+05  4.126E-10  3.091E+05  7.237E+01   67.9   68.0    2.9    2.0    3.0    2.0    0.0    4.5    2.1
