2012  3 30  90  6.00    0.0   69.0   19.0  9.999E-38  2.151E+19  5.769E+18 1.324E-03  263.6   949  1.433E+14  2.571E+17  9.999E-38  9.999E-38  111.2  113.5    4.5    5.0    7.0   12.0    9.0    2.2   20.0
2012  3 30  90  6.00    5.0   69.0   19.0  9.999E-38  1.204E+19  3.230E+18 7.414E-04  240.1   949  8.020E+13  1.439E+17  9.999E-38  9.999E-38  111.2  113.5    4.5    5.0    7.0   12.0    9.0    2.2   20.0
2012  3 30  90  6.00   10.0   69.0   19.0  9.999E-38  6.263E+18  1.679E+18 3.855E-04  217.4   949  4.170E+13  7.484E+16  9.999E-38  9.999E-38  111.2  113.5    4.5    5.0    7.0   12.0    9.0    2.2   20.0
2012  3 30  90  6.00   15.0   69.0   19.0  9.999E-38  2.858E+18  7.665E+17 1.760E-04  216.5   949  1.904E+13  3.416E+16  9.999E-38  9.999E-38  111.2  113.5    4.5    5.0    7.0   12.0    9.0    2.2   20.0
2012  3 30  90  6.00   20.0   69.0   19.0  9.999E-38  1.316E+18  3.530E+17 8.104E-05  213.0   949  8.767E+12  1.573E+16  9.999E-38  9.999E-38  111.2  113.5    4.5    5.0    7.0   12.0    9.0    2.2   20.0
2012  3 30  90  6.00   25.0   69.0   19.0  9.999E-38  5.898E+17  1.582E+17 3.631E-05  214.0   949  3.928E+12  7.049E+15  9.999E-38  9.999E-38  111.2  113.5    4.5    5.0    7.0   12.0    9.0    2.2   20.0
2012  3 30  90  6.00   30.0   69.0   19.0  9.999E-38  2.617E+17  7.019E+16 1.611E-05  220.4   949  1.743E+12  3.128E+15  9.999E-38  9.999E-38  111.2  113.5    4.5    5.0    7.0   12.0    9.0    2.2   20.0
2012  3 30  90  6.00   35.0   69.0   19.0  9.999E-38  1.174E+17  3.148E+16 7.226E-06  232.1   949  7.817E+11  1.403E+15  9.999E-38  9.999E-38  111.2  113.5    4.5    5.0    7.0   12.0    9.0    2.2   20.0
2012  3 30  90  6.00   40.0   69.0   19.0  9.999E-38  5.453E+16  1.462E+16 3.357E-06  246.3   949  3.631E+11  6.517E+14  9.999E-38  9.999E-38  111.2  113.5    4.5    5.0    7.0   12.0    9.0    2.2   20.0
2012  3 30  90  6.00   45.0   69.0   19.0  9.999E-38  2.669E+16  7.158E+15 1.643E-06  257.8   949  1.778E+11  3.190E+14  9.999E-38  9.999E-38  111.2  113.5    4.5    5.0    7.0   12.0    9.0    2.2   20.0
2012  3 30  90  6.00   50.0   69.0   19.0  9.999E-38  1.384E+16  3.713E+15 8.523E-07  259.4   949  9.220E+10  1.655E+14  9.999E-38  9.999E-38  111.2  113.5    4.5    5.0    7.0   12.0    9.0    2.2   20.0
2012  3 30  90  6.00   55.0   69.0   19.0  5.684E+09  7.310E+15  1.960E+15 4.500E-07  255.8   949  4.868E+10  8.737E+13  9.999E-38  9.999E-38  111.2  113.5    4.5    5.0    7.0   12.0    9.0    2.2   20.0
2012  3 30  90  6.00   60.0   69.0   19.0  8.014E+09  3.863E+15  1.036E+15 2.378E-07  248.7   949  2.573E+10  4.617E+13  9.999E-38  9.999E-38  111.2  113.5    4.5    5.0    7.0   12.0    9.0    2.2   20.0
2012  3 30  90  6.00   65.0   69.0   19.0  8.597E+09  2.023E+15  5.425E+14 1.245E-07  238.7   949  1.347E+10  2.418E+13  9.999E-38  9.999E-38  111.2  113.5    4.5    5.0    7.0   12.0    9.0    2.2   20.0
2012  3 30  90  6.00   70.0   69.0   19.0  9.698E+09  1.038E+15  2.783E+14 6.388E-08  226.3   949  6.910E+09  1.240E+13  9.999E-38  9.999E-38  111.2  113.5    4.5    5.0    7.0   12.0    9.0    2.2   20.0
2012  3 30  90  6.00   75.0   69.0   19.0  6.308E+09  5.091E+14  1.365E+14 3.134E-08  216.6   949  3.390E+09  6.084E+12  9.999E-38  9.999E-38  111.2  113.5    4.5    5.0    7.0   12.0    9.0    2.2   20.0
2012  3 30  90  6.00   80.0   69.0   19.0  9.603E+09  2.418E+14  6.483E+13 1.488E-08  207.1   949  1.634E+09  2.890E+12  1.671E+08  9.999E-38  111.2  113.5    4.5    5.0    7.0   12.0    9.0    2.2   20.0
2012  3 30  90  6.00   85.0   69.0   19.0  3.954E+10  1.097E+14  2.941E+13 6.753E-09  201.7   949  7.835E+08  1.311E+12  1.591E+08  9.999E-38  111.2  113.5    4.5    5.0    7.0   12.0    9.0    2.2   20.0
2012  3 30  90  6.00   90.0   69.0   19.0  2.701E+11  4.954E+13  1.321E+13 3.052E-09  192.6   949  4.025E+08  5.851E+11  9.649E+07  9.999E-38  111.2  113.5    4.5    5.0    7.0   12.0    9.0    2.2   20.0
2012  3 30  90  6.00   95.0   69.0   19.0  6.278E+11  2.171E+13  5.664E+12 1.344E-09  182.1   949  2.314E+08  2.464E+11  5.856E+07  6.199E+04  111.2  113.5    4.5    5.0    7.0   12.0    9.0    2.2   20.0
2012  3 30  90  6.00  100.0   69.0   19.0  5.332E+11  8.932E+12  2.211E+12 5.532E-10  178.3   949  1.456E+08  9.166E+10  3.529E+07  1.203E+05  111.2  113.5    4.5    5.0    7.0   12.0    9.0    2.2   20.0
2012  3 30  90  6.00  105.0   69.0   19.0  2.729E+11  3.441E+12  7.843E+11 2.110E-10  189.8   949  9.842E+07  2.996E+10  2.070E+07  2.097E+05  111.2  113.5    4.5    5.0    7.0   12.0    9.0    2.2   20.0
2012  3 30  90  6.00  110.0   69.0   19.0  1.526E+11  1.311E+12  2.713E+11 8.010E-11  226.5   949  6.871E+07  9.541E+09  1.182E+07  3.397E+05  111.2  113.5    4.5    5.0    7.0   12.0    9.0    2.2   20.0
2012  3 30  90  6.00  115.0   69.0   19.0  9.125E+10  5.476E+11  1.028E+11 3.358E-11  287.9   949  4.845E+07  3.376E+09  6.682E+06  5.377E+05  111.2  113.5    4.5    5.0    7.0   12.0    9.0    2.2   20.0
2012  3 30  90  6.00  120.0   69.0   19.0  5.938E+10  2.672E+11  4.574E+10 1.653E-11  358.4   949  3.652E+07  1.422E+09  4.062E+06  8.644E+05  111.2  113.5    4.5    5.0    7.0   12.0    9.0    2.2   20.0
2012  3 30  90  6.00  125.0   69.0   19.0  4.178E+10  1.493E+11  2.348E+10 9.348E-12  426.5   949  2.919E+07  6.955E+08  2.675E+06  1.387E+06  111.2  113.5    4.5    5.0    7.0   12.0    9.0    2.2   20.0
2012  3 30  90  6.00  130.0   69.0   19.0  3.106E+10  9.214E+10  1.343E+10 5.850E-12  487.3   949  2.449E+07  3.817E+08  1.874E+06  2.161E+06  111.2  113.5    4.5    5.0    7.0   12.0    9.0    2.2   20.0
2012  3 30  90  6.00  135.0   69.0   19.0  2.399E+10  6.091E+10  8.269E+09 3.925E-12  540.9   949  2.125E+07  2.266E+08  1.376E+06  3.230E+06  111.2  113.5    4.5    5.0    7.0   12.0    9.0    2.2   20.0
2012  3 30  90  6.00  140.0   69.0   19.0  1.907E+10  4.228E+10  5.375E+09 2.769E-12  588.3   949  1.889E+07  1.421E+08  1.047E+06  4.624E+06  111.2  113.5    4.5    5.0    7.0   12.0    9.0    2.2   20.0
2012  3 30  90  6.00  145.0   69.0   19.0  1.553E+10  3.044E+10  3.641E+09 2.028E-12  630.1   949  1.710E+07  9.293E+07  8.197E+05  6.340E+06  111.2  113.5    4.5    5.0    7.0   12.0    9.0    2.2   20.0
2012  3 30  90  6.00  150.0   69.0   19.0  1.286E+10  2.254E+10  2.548E+09 1.530E-12  666.9   949  1.568E+07  6.283E+07  6.573E+05  8.314E+06  111.2  113.5    4.5    5.0    7.0   12.0    9.0    2.2   20.0
2012  3 30  90  6.00  155.0   69.0   19.0  1.079E+10  1.706E+10  1.830E+09 1.181E-12  699.5   949  1.454E+07  4.360E+07  5.385E+05  1.044E+07  111.2  113.5    4.5    5.0    7.0   12.0    9.0    2.2   20.0
2012  3 30  90  6.00  160.0   69.0   19.0  9.165E+09  1.314E+10  1.343E+09 9.284E-13  728.3   949  1.360E+07  3.088E+07  4.498E+05  1.256E+07  111.2  113.5    4.5    5.0    7.0   12.0    9.0    2.2   20.0
2012  3 30  90  6.00  165.0   69.0   19.0  7.858E+09  1.027E+10  1.003E+09 7.415E-13  753.7   949  1.280E+07  2.224E+07  3.827E+05  1.454E+07  111.2  113.5    4.5    5.0    7.0   12.0    9.0    2.2   20.0
2012  3 30  90  6.00  170.0   69.0   19.0  6.793E+09  8.117E+09  7.606E+08 6.000E-13  776.1   949  1.211E+07  1.624E+07  3.313E+05  1.623E+07  111.2  113.5    4.5    5.0    7.0   12.0    9.0    2.2   20.0
2012  3 30  90  6.00  175.0   69.0   19.0  5.914E+09  6.483E+09  5.841E+08 4.910E-13  796.0   949  1.152E+07  1.199E+07  2.914E+05  1.753E+07  111.2  113.5    4.5    5.0    7.0   12.0    9.0    2.2   20.0
2012  3 30  90  6.00  180.0   69.0   19.0  5.180E+09  5.221E+09  4.535E+08 4.057E-13  813.5   949  1.099E+07  8.936E+06  2.602E+05  1.839E+07  111.2  113.5    4.5    5.0    7.0   12.0    9.0    2.2   20.0
2012  3 30  90  6.00  185.0   69.0   19.0  4.560E+09  4.235E+09  3.554E+08 3.380E-13  829.0   949  1.053E+07  6.713E+06  2.356E+05  1.882E+07  111.2  113.5    4.5    5.0    7.0   12.0    9.0    2.2   20.0
2012  3 30  90  6.00  190.0   69.0   19.0  4.033E+09  3.456E+09  2.807E+08 2.837E-13  842.7   949  1.011E+07  5.078E+06  2.159E+05  1.886E+07  111.2  113.5    4.5    5.0    7.0   12.0    9.0    2.2   20.0
2012  3 30  90  6.00  195.0   69.0   19.0  3.580E+09  2.835E+09  2.232E+08 2.396E-13  854.8   949  9.724E+06  3.864E+06  2.001E+05  1.857E+07  111.2  113.5    4.5    5.0    7.0   12.0    9.0    2.2   20.0
2012  3 30  90  6.00  200.0   69.0   19.0  3.188E+09  2.337E+09  1.786E+08 2.036E-13  865.6   949  9.374E+06  2.955E+06  1.873E+05  1.802E+07  111.2  113.5    4.5    5.0    7.0   12.0    9.0    2.2   20.0
2012  3 30  90  6.00  205.0   69.0   19.0  2.848E+09  1.933E+09  1.436E+08 1.738E-13  875.0   949  9.051E+06  2.270E+06  1.768E+05  1.729E+07  111.2  113.5    4.5    5.0    7.0   12.0    9.0    2.2   20.0
2012  3 30  90  6.00  210.0   69.0   19.0  2.551E+09  1.605E+09  1.159E+08 1.491E-13  883.4   949  8.753E+06  1.751E+06  1.682E+05  1.643E+07  111.2  113.5    4.5    5.0    7.0   12.0    9.0    2.2   20.0
2012  3 30  90  6.00  215.0   69.0   19.0  2.289E+09  1.336E+09  9.396E+07 1.285E-13  890.9   949  8.474E+06  1.355E+06  1.610E+05  1.550E+07  111.2  113.5    4.5    5.0    7.0   12.0    9.0    2.2   20.0
2012  3 30  90  6.00  220.0   69.0   19.0  2.058E+09  1.116E+09  7.641E+07 1.111E-13  897.4   949  8.214E+06  1.052E+06  1.551E+05  1.454E+07  111.2  113.5    4.5    5.0    7.0   12.0    9.0    2.2   20.0
2012  3 30  90  6.00  225.0   69.0   19.0  1.854E+09  9.338E+08  6.232E+07 9.643E-14  903.3   949  7.969E+06  8.189E+05  1.500E+05  1.357E+07  111.2  113.5    4.5    5.0    7.0   12.0    9.0    2.2   20.0
2012  3 30  90  6.00  230.0   69.0   19.0  1.673E+09  7.831E+08  5.096E+07 8.396E-14  908.4   949  7.738E+06  6.390E+05  1.458E+05  1.263E+07  111.2  113.5    4.5    5.0    7.0   12.0    9.0    2.2   20.0
2012  3 30  90  6.00  235.0   69.0   19.0  1.511E+09  6.579E+08  4.176E+07 7.333E-14  913.0   949  7.519E+06  4.998E+05  1.421E+05  1.172E+07  111.2  113.5    4.5    5.0    7.0   12.0    9.0    2.2   20.0
2012  3 30  90  6.00  240.0   69.0   19.0  1.367E+09  5.536E+08  3.429E+07 6.421E-14  917.0   949  7.312E+06  3.917E+05  1.390E+05  1.086E+07  111.2  113.5    4.5    5.0    7.0   12.0    9.0    2.2   20.0
2012  3 30  90  6.00  245.0   69.0   19.0  1.237E+09  4.666E+08  2.820E+07 5.638E-14  920.6   949  7.114E+06  3.075E+05  1.363E+05  1.004E+07  111.2  113.5    4.5    5.0    7.0   12.0    9.0    2.2   20.0
2012  3 30  90  6.00  250.0   69.0   19.0  1.121E+09  3.937E+08  2.323E+07 4.962E-14  923.8   949  6.925E+06  2.418E+05  1.339E+05  9.276E+06  111.2  113.5    4.5    5.0    7.0   12.0    9.0    2.2   20.0
2012  3 30  90  6.00  255.0   69.0   19.0  1.017E+09  3.326E+08  1.917E+07 4.377E-14  926.6   949  6.745E+06  1.904E+05  1.318E+05  8.564E+06  111.2  113.5    4.5    5.0    7.0   12.0    9.0    2.2   20.0
2012  3 30  90  6.00  260.0   69.0   19.0  9.233E+08  2.813E+08  1.583E+07 3.870E-14  929.1   949  6.571E+06  1.502E+05  1.299E+05  7.902E+06  111.2  113.5    4.5    5.0    7.0   12.0    9.0    2.2   20.0
2012  3 30  90  6.00  265.0   69.0   19.0  8.387E+08  2.382E+08  1.309E+07 3.428E-14  931.3   949  6.405E+06  1.186E+05  1.282E+05  7.289E+06  111.2  113.5    4.5    5.0    7.0   12.0    9.0    2.2   20.0
2012  3 30  90  6.00  270.0   69.0   19.0  7.623E+08  2.018E+08  1.084E+07 3.042E-14  933.3   949  6.245E+06  9.371E+04  1.267E+05  6.723E+06  111.2  113.5    4.5    5.0    7.0   12.0    9.0    2.2   20.0
2012  3 30  90  6.00  275.0   69.0   19.0  6.933E+08  1.712E+08  8.977E+06 2.705E-14  935.0   949  6.091E+06  7.414E+04  1.253E+05  6.199E+06  111.2  113.5    4.5    5.0    7.0   12.0    9.0    2.2   20.0
2012  3 30  90  6.00  280.0   69.0   19.0  6.308E+08  1.453E+08  7.444E+06 2.409E-14  936.5   949  5.942E+06  5.872E+04  1.240E+05  5.717E+06  111.2  113.5    4.5    5.0    7.0   12.0    9.0    2.2   20.0
2012  3 30  90  6.00  285.0   69.0   19.0  5.743E+08  1.234E+08  6.177E+06 2.149E-14  937.9   949  5.798E+06  4.655E+04  1.229E+05  5.272E+06  111.2  113.5    4.5    5.0    7.0   12.0    9.0    2.2   20.0
2012  3 30  90  6.00  290.0   69.0   19.0  5.230E+08  1.048E+08  5.130E+06 1.920E-14  939.1   949  5.659E+06  3.693E+04  1.218E+05  4.863E+06  111.2  113.5    4.5    5.0    7.0   12.0    9.0    2.2   20.0
2012  3 30  90  6.00  295.0   69.0   19.0  4.765E+08  8.914E+07  4.263E+06 1.718E-14  940.2   949  5.524E+06  2.932E+04  1.207E+05  4.486E+06  111.2  113.5    4.5    5.0    7.0   12.0    9.0    2.2   20.0
2012  3 30  90  6.00  300.0   69.0   19.0  4.343E+08  7.584E+07  3.545E+06 1.539E-14  941.2   949  5.394E+06  2.329E+04  1.198E+05  4.138E+06  111.2  113.5    4.5    5.0    7.0   12.0    9.0    2.2   20.0