2000  1  1   1 12.00   80.0  -25.0  125.0  1.974E+10  2.775E+14  7.443E+13 1.709E-08  196.8  1192  1.873E+09  3.317E+12  2.242E+08  9.999E-38  125.8  160.6   30.1   39.0   56.0   56.0   39.0   31.4    5.9
2000  1  1   1 12.00   85.0  -25.0  125.0  5.306E+10  1.181E+14  3.163E+13 7.268E-09  198.8  1192  8.405E+08  1.410E+12  1.958E+08  9.999E-38  125.8  160.6   30.1   39.0   56.0   56.0   39.0   31.4    5.9
2000  1  1   1 12.00   90.0  -25.0  125.0  3.308E+11  5.222E+13  1.386E+13 3.215E-09  196.1  1192  4.165E+08  6.153E+11  1.139E+08  9.999E-38  125.8  160.6   30.1   39.0   56.0   56.0   39.0   31.4    5.9
2000  1  1   1 12.00   95.0  -25.0  125.0  8.035E+11  2.359E+13  6.066E+12 1.459E-09  184.1  1192  2.394E+08  2.665E+11  6.892E+07  1.882E+05  125.8  160.6   30.1   39.0   56.0   56.0   39.0   31.4    5.9
2000  1  1   1 12.00  100.0  -25.0  125.0  6.882E+11  9.933E+12  2.384E+12 6.138E-10  177.5  1192  1.486E+08  1.021E+11  4.097E+07  3.722E+05  125.8  160.6   30.1   39.0   56.0   56.0   39.0   31.4    5.9
2000  1  1   1 12.00  105.0  -25.0  125.0  3.218E+11  3.847E+12  8.223E+11 2.334E-10  187.2  1192  9.670E+07  3.372E+10  2.307E+07  6.463E+05  125.8  160.6   30.1   39.0   56.0   56.0   39.0   31.4    5.9
2000  1  1   1 12.00  110.0  -25.0  125.0  1.688E+11  1.443E+12  2.667E+11 8.650E-11  226.1  1192  6.363E+07  1.063E+10  1.230E+07  1.022E+06  125.8  160.6   30.1   39.0   56.0   56.0   39.0   31.4    5.9
2000  1  1   1 12.00  115.0  -25.0  125.0  9.681E+10  5.880E+11  9.330E+10 3.513E-11  298.1  1192  4.149E+07  3.709E+09  6.344E+06  1.562E+06  125.8  160.6   30.1   39.0   56.0   56.0   39.0   31.4    5.9
2000  1  1   1 12.00  120.0  -25.0  125.0  6.130E+10  2.830E+11  3.878E+10 1.696E-11  387.4  1192  2.890E+07  1.568E+09  3.506E+06  2.439E+06  125.8  160.6   30.1   39.0   56.0   56.0   39.0   31.4    5.9
2000  1  1   1 12.00  125.0  -25.0  125.0  4.265E+10  1.588E+11  1.900E+10 9.582E-12  477.2  1192  2.165E+07  7.872E+08  2.128E+06  3.855E+06  125.8  160.6   30.1   39.0   56.0   56.0   39.0   31.4    5.9
2000  1  1   1 12.00  130.0  -25.0  125.0  3.178E+10  9.987E+10  1.055E+10 6.081E-12  558.3  1192  1.727E+07  4.503E+08  1.396E+06  5.995E+06  125.8  160.6   30.1   39.0   56.0   56.0   39.0   31.4    5.9
2000  1  1   1 12.00  135.0  -25.0  125.0  2.477E+10  6.778E+10  6.390E+09 4.169E-12  630.0  1192  1.440E+07  2.809E+08  9.698E+05  9.004E+06  125.8  160.6   30.1   39.0   56.0   56.0   39.0   31.4    5.9
2000  1  1   1 12.00  140.0  -25.0  125.0  1.995E+10  4.849E+10  4.114E+09 3.017E-12  693.6  1192  1.237E+07  1.858E+08  7.032E+05  1.299E+07  125.8  160.6   30.1   39.0   56.0   56.0   39.0   31.4    5.9
2000  1  1   1 12.00  145.0  -25.0  125.0  1.648E+10  3.604E+10  2.777E+09 2.271E-12  749.8  1192  1.087E+07  1.283E+08  5.274E+05  1.800E+07  125.8  160.6   30.1   39.0   56.0   56.0   39.0   31.4    5.9
2000  1  1   1 12.00  150.0  -25.0  125.0  1.386E+10  2.758E+10  1.945E+09 1.761E-12  799.7  1192  9.718E+06  9.164E+07  4.069E+05  2.390E+07  125.8  160.6   30.1   39.0   56.0   56.0   39.0   31.4    5.9
2000  1  1   1 12.00  155.0  -25.0  125.0  1.183E+10  2.159E+10  1.405E+09 1.398E-12  843.8  1192  8.808E+06  6.715E+07  3.219E+05  3.042E+07  125.8  160.6   30.1   39.0   56.0   56.0   39.0   31.4    5.9
2000  1  1   1 12.00  160.0  -25.0  125.0  1.022E+10  1.720E+10  1.040E+09 1.131E-12  883.0  1192  8.072E+06  5.021E+07  2.605E+05  3.717E+07  125.8  160.6   30.1   39.0   56.0   56.0   39.0   31.4    5.9
2000  1  1   1 12.00  165.0  -25.0  125.0  8.921E+09  1.391E+10  7.876E+08 9.293E-13  917.7  1192  7.468E+06  3.815E+07  2.154E+05  4.370E+07  125.8  160.6   30.1   39.0   56.0   56.0   39.0   31.4    5.9
2000  1  1   1 12.00  170.0  -25.0  125.0  7.852E+09  1.138E+10  6.074E+08 7.733E-13  948.4  1192  6.963E+06  2.936E+07  1.818E+05  4.957E+07  125.8  160.6   30.1   39.0   56.0   56.0   39.0   31.4    5.9
2000  1  1   1 12.00  175.0  -25.0  125.0  6.961E+09  9.401E+09  4.761E+08 6.504E-13  975.7  1192  6.537E+06  2.284E+07  1.563E+05  5.445E+07  125.8  160.6   30.1   39.0   56.0   56.0   39.0   31.4    5.9
2000  1  1   1 12.00  180.0  -25.0  125.0  6.210E+09  7.834E+09  3.783E+08 5.521E-13  999.9  1192  6.173E+06  1.793E+07  1.368E+05  5.811E+07  125.8  160.6   30.1   39.0   56.0   56.0   39.0   31.4    5.9
2000  1  1   1 12.00  185.0  -25.0  125.0  5.568E+09  6.573E+09  3.042E+08 4.723E-13 1021.3  1192  5.859E+06  1.417E+07  1.217E+05  6.050E+07  125.8  160.6   30.1   39.0   56.0   56.0   39.0   31.4    5.9
2000  1  1   1 12.00  190.0  -25.0  125.0  5.016E+09  5.549E+09  2.471E+08 4.067E-13 1040.3  1192  5.585E+06  1.128E+07  1.098E+05  6.168E+07  125.8  160.6   30.1   39.0   56.0   56.0   39.0   31.4    5.9
2000  1  1   1 12.00  195.0  -25.0  125.0  4.536E+09  4.709E+09  2.025E+08 3.524E-13 1057.2  1192  5.345E+06  9.020E+06  1.005E+05  6.179E+07  125.8  160.6   30.1   39.0   56.0   56.0   39.0   31.4    5.9
2000  1  1   1 12.00  200.0  -25.0  125.0  4.116E+09  4.014E+09  1.672E+08 3.069E-13 1072.2  1192  5.132E+06  7.250E+06  9.299E+04  6.100E+07  125.8  160.6   30.1   39.0   56.0   56.0   39.0   31.4    5.9
2000  1  1   1 12.00  205.0  -25.0  125.0  3.745E+09  3.435E+09  1.389E+08 2.685E-13 1085.5  1192  4.942E+06  5.851E+06  8.696E+04  5.953E+07  125.8  160.6   30.1   39.0   56.0   56.0   39.0   31.4    5.9
2000  1  1   1 12.00  210.0  -25.0  125.0  3.417E+09  2.949E+09  1.160E+08 2.358E-13 1097.3  1192  4.771E+06  4.740E+06  8.207E+04  5.754E+07  125.8  160.6   30.1   39.0   56.0   56.0   39.0   31.4    5.9
2000  1  1   1 12.00  215.0  -25.0  125.0  3.125E+09  2.539E+09  9.736E+07 2.079E-13 1107.8  1192  4.616E+06  3.852E+06  7.806E+04  5.521E+07  125.8  160.6   30.1   39.0   56.0   56.0   39.0   31.4    5.9
2000  1  1   1 12.00  220.0  -25.0  125.0  2.863E+09  2.192E+09  8.203E+07 1.839E-13 1117.1  1192  4.474E+06  3.139E+06  7.476E+04  5.267E+07  125.8  160.6   30.1   39.0   56.0   56.0   39.0   31.4    5.9
2000  1  1   1 12.00  225.0  -25.0  125.0  2.628E+09  1.897E+09  6.935E+07 1.631E-13 1125.4  1192  4.344E+06  2.565E+06  7.201E+04  5.001E+07  125.8  160.6   30.1   39.0   56.0   56.0   39.0   31.4    5.9
2000  1  1   1 12.00  230.0  -25.0  125.0  2.415E+09  1.645E+09  5.880E+07 1.451E-13 1132.7  1192  4.224E+06  2.100E+06  6.971E+04  4.732E+07  125.8  160.6   30.1   39.0   56.0   56.0   39.0   31.4    5.9
2000  1  1   1 12.00  235.0  -25.0  125.0  2.223E+09  1.429E+09  4.999E+07 1.294E-13 1139.3  1192  4.113E+06  1.724E+06  6.776E+04  4.465E+07  125.8  160.6   30.1   39.0   56.0   56.0   39.0   31.4    5.9
2000  1  1   1 12.00  240.0  -25.0  125.0  2.049E+09  1.243E+09  4.259E+07 1.156E-13 1145.1  1192  4.008E+06  1.417E+06  6.611E+04  4.205E+07  125.8  160.6   30.1   39.0   56.0   56.0   39.0   31.4    5.9
2000  1  1   1 12.00  245.0  -25.0  125.0  1.890E+09  1.083E+09  3.636E+07 1.036E-13 1150.2  1192  3.910E+06  1.167E+06  6.470E+04  3.954E+07  125.8  160.6   30.1   39.0   56.0   56.0   39.0   31.4    5.9
2000  1  1   1 12.00  250.0  -25.0  125.0  1.745E+09  9.449E+08  3.109E+07 9.293E-14 1154.8  1192  3.818E+06  9.626E+05  6.348E+04  3.714E+07  125.8  160.6   30.1   39.0   56.0   56.0   39.0   31.4    5.9
2000  1  1   1 12.00  255.0  -25.0  125.0  1.613E+09  8.253E+08  2.662E+07 8.355E-14 1158.9  1192  3.730E+06  7.950E+05  6.242E+04  3.486E+07  125.8  160.6   30.1   39.0   56.0   56.0   39.0   31.4    5.9
2000  1  1   1 12.00  260.0  -25.0  125.0  1.492E+09  7.215E+08  2.283E+07 7.524E-14 1162.5  1192  3.647E+06  6.575E+05  6.149E+04  3.270E+07  125.8  160.6   30.1   39.0   56.0   56.0   39.0   31.4    5.9
2000  1  1   1 12.00  265.0  -25.0  125.0  1.381E+09  6.314E+08  1.960E+07 6.787E-14 1165.8  1192  3.568E+06  5.443E+05  6.067E+04  3.067E+07  125.8  160.6   30.1   39.0   56.0   56.0   39.0   31.4    5.9
2000  1  1   1 12.00  270.0  -25.0  125.0  1.279E+09  5.530E+08  1.684E+07 6.132E-14 1168.6  1192  3.492E+06  4.511E+05  5.994E+04  2.875E+07  125.8  160.6   30.1   39.0   56.0   56.0   39.0   31.4    5.9
2000  1  1   1 12.00  275.0  -25.0  125.0  1.185E+09  4.848E+08  1.449E+07 5.548E-14 1171.2  1192  3.419E+06  3.742E+05  5.929E+04  2.695E+07  125.8  160.6   30.1   39.0   56.0   56.0   39.0   31.4    5.9
2000  1  1   1 12.00  280.0  -25.0  125.0  1.099E+09  4.252E+08  1.247E+07 5.026E-14 1173.5  1192  3.349E+06  3.107E+05  5.870E+04  2.527E+07  125.8  160.6   30.1   39.0   56.0   56.0   39.0   31.4    5.9
2000  1  1   1 12.00  285.0  -25.0  125.0  1.019E+09  3.732E+08  1.075E+07 4.560E-14 1175.5  1192  3.281E+06  2.582E+05  5.816E+04  2.369E+07  125.8  160.6   30.1   39.0   56.0   56.0   39.0   31.4    5.9
2000  1  1   1 12.00  290.0  -25.0  125.0  9.456E+08  3.278E+08  9.266E+06 4.141E-14 1177.3  1192  3.216E+06  2.147E+05  5.767E+04  2.221E+07  125.8  160.6   30.1   39.0   56.0   56.0   39.0   31.4    5.9
2000  1  1   1 12.00  295.0  -25.0  125.0  8.778E+08  2.880E+08  7.994E+06 3.766E-14 1178.9  1192  3.153E+06  1.787E+05  5.722E+04  2.082E+07  125.8  160.6   30.1   39.0   56.0   56.0   39.0   31.4    5.9
2000  1  1   1 12.00  300.0  -25.0  125.0  8.151E+08  2.532E+08  6.901E+06 3.429E-14 1180.3  1192  3.091E+06  1.488E+05  5.679E+04  1.953E+07  125.8  160.6   30.1   39.0   56.0   56.0   39.0   31.4    5.9
2000  1  1   1 12.00  305.0  -25.0  125.0  7.572E+08  2.227E+08  5.961E+06 3.125E-14 1181.6  1192  3.032E+06  1.240E+05  5.640E+04  1.832E+07  125.8  160.6   30.1   39.0   56.0   56.0   39.0   31.4    5.9
2000  1  1   1 12.00  310.0  -25.0  125.0  7.036E+08  1.960E+08  5.151E+06 2.851E-14 1182.7  1192  2.974E+06  1.033E+05  5.602E+04  1.718E+07  125.8  160.6   30.1   39.0   56.0   56.0   39.0   31.4    5.9
2000  1  1   1 12.00  315.0  -25.0  125.0  6.539E+08  1.726E+08  4.454E+06 2.604E-14 1183.7  1192  2.918E+06  8.621E+04  5.567E+04  1.612E+07  125.8  160.6   30.1   39.0   56.0   56.0   39.0   31.4    5.9
2000  1  1   1 12.00  320.0  -25.0  125.0  6.080E+08  1.520E+08  3.852E+06 2.380E-14 1184.6  1192  2.864E+06  7.194E+04  5.533E+04  1.513E+07  125.8  160.6   30.1   39.0   56.0   56.0   39.0   31.4    5.9
2000  1  1   1 12.00  325.0  -25.0  125.0  5.654E+08  1.339E+08  3.333E+06 2.178E-14 1185.4  1192  2.811E+06  6.007E+04  5.501E+04  1.420E+07  125.8  160.6   30.1   39.0   56.0   56.0   39.0   31.4    5.9
2000  1  1   1 12.00  330.0  -25.0  125.0  5.259E+08  1.180E+08  2.886E+06 1.994E-14 1186.2  1192  2.759E+06  5.018E+04  5.470E+04  1.333E+07  125.8  160.6   30.1   39.0   56.0   56.0   39.0   31.4    5.9
2000  1  1   1 12.00  335.0  -25.0  125.0  4.892E+08  1.040E+08  2.499E+06 1.828E-14 1186.8  1192  2.708E+06  4.194E+04  5.440E+04  1.251E+07  125.8  160.6   30.1   39.0   56.0   56.0   39.0   31.4    5.9
2000  1  1   1 12.00  340.0  -25.0  125.0  4.552E+08  9.173E+07  2.165E+06 1.677E-14 1187.4  1192  2.659E+06  3.506E+04  5.411E+04  1.175E+07  125.8  160.6   30.1   39.0   56.0   56.0   39.0   31.4    5.9
2000  1  1   1 12.00  345.0  -25.0  125.0  4.237E+08  8.092E+07  1.876E+06 1.540E-14 1187.9  1192  2.611E+06  2.932E+04  5.383E+04  1.103E+07  125.8  160.6   30.1   39.0   56.0   56.0   39.0   31.4    5.9
2000  1  1   1 12.00  350.0  -25.0  125.0  3.944E+08  7.140E+07  1.626E+06 1.415E-14 1188.3  1192  2.564E+06  2.454E+04  5.356E+04  1.036E+07  125.8  160.6   30.1   39.0   56.0   56.0   39.0   31.4    5.9
2000  1  1   1 12.00  355.0  -25.0  125.0  3.672E+08  6.302E+07  1.410E+06 1.301E-14 1188.7  1192  2.517E+06  2.054E+04  5.329E+04  9.734E+06  125.8  160.6   30.1   39.0   56.0   56.0   39.0   31.4    5.9
2000  1  1   1 12.00  360.0  -25.0  125.0  3.419E+08  5.564E+07  1.223E+06 1.197E-14 1189.1  1192  2.472E+06  1.720E+04  5.303E+04  9.145E+06  125.8  160.6   30.1   39.0   56.0   56.0   39.0   31.4    5.9
2000  1  1   1 12.00  365.0  -25.0  125.0  3.185E+08  4.913E+07  1.061E+06 1.102E-14 1189.4  1192  2.428E+06  1.440E+04  5.277E+04  8.593E+06  125.8  160.6   30.1   39.0   56.0   56.0   39.0   31.4    5.9
2000  1  1   1 12.00  370.0  -25.0  125.0  2.966E+08  4.340E+07  9.208E+05 1.015E-14 1189.7  1192  2.385E+06  1.207E+04  5.252E+04  8.075E+06  125.8  160.6   30.1   39.0   56.0   56.0   39.0   31.4    5.9
2000  1  1   1 12.00  375.0  -25.0  125.0  2.764E+08  3.834E+07  7.994E+05 9.361E-15 1190.0  1192  2.343E+06  1.012E+04  5.227E+04  7.590E+06  125.8  160.6   30.1   39.0   56.0   56.0   39.0   31.4    5.9
2000  1  1   1 12.00  380.0  -25.0  125.0  2.575E+08  3.388E+07  6.941E+05 8.636E-15 1190.2  1192  2.301E+06  8.481E+03  5.203E+04  7.134E+06  125.8  160.6   30.1   39.0   56.0   56.0   39.0   31.4    5.9
2000  1  1   1 12.00  385.0  -25.0  125.0  2.400E+08  2.995E+07  6.029E+05 7.972E-15 1190.4  1192  2.261E+06  7.113E+03  5.178E+04  6.707E+06  125.8  160.6   30.1   39.0   56.0   56.0   39.0   31.4    5.9
2000  1  1   1 12.00  390.0  -25.0  125.0  2.236E+08  2.648E+07  5.238E+05 7.363E-15 1190.6  1192  2.221E+06  5.967E+03  5.155E+04  6.306E+06  125.8  160.6   30.1   39.0   56.0   56.0   39.0   31.4    5.9
2000  1  1   1 12.00  395.0  -25.0  125.0  2.085E+08  2.342E+07  4.551E+05 6.805E-15 1190.7  1192  2.182E+06  5.008E+03  5.131E+04  5.929E+06  125.8  160.6   30.1   39.0   56.0   56.0   39.0   31.4    5.9
2000  1  1   1 12.00  400.0  -25.0  125.0  1.943E+08  2.071E+07  3.956E+05 6.292E-15 1190.9  1192  2.144E+06  4.204E+03  5.108E+04  5.576E+06  125.8  160.6   30.1   39.0   56.0   56.0   39.0   31.4    5.9
2000  1  1   1 12.00  405.0  -25.0  125.0  1.812E+08  1.832E+07  3.439E+05 5.821E-15 1191.0  1192  2.107E+06  3.530E+03  5.085E+04  5.245E+06  125.8  160.6   30.1   39.0   56.0   56.0   39.0   31.4    5.9
2000  1  1   1 12.00  410.0  -25.0  125.0  1.690E+08  1.621E+07  2.991E+05 5.388E-15 1191.1  1192  2.070E+06  2.965E+03  5.062E+04  4.933E+06  125.8  160.6   30.1   39.0   56.0   56.0   39.0   31.4    5.9
2000  1  1   1 12.00  415.0  -25.0  125.0  1.576E+08  1.435E+07  2.601E+05 4.989E-15 1191.2  1192  2.034E+06  2.491E+03  5.039E+04  4.641E+06  125.8  160.6   30.1   39.0   56.0   56.0   39.0   31.4    5.9
2000  1  1   1 12.00  420.0  -25.0  125.0  1.470E+08  1.270E+07  2.263E+05 4.623E-15 1191.3  1192  1.999E+06  2.094E+03  5.017E+04  4.366E+06  125.8  160.6   30.1   39.0   56.0   56.0   39.0   31.4    5.9
2000  1  1   1 12.00  425.0  -25.0  125.0  1.371E+08  1.125E+07  1.969E+05 4.285E-15 1191.4  1192  1.964E+06  1.760E+03  4.995E+04  4.108E+06  125.8  160.6   30.1   39.0   56.0   56.0   39.0   31.4    5.9
2000  1  1   1 12.00  430.0  -25.0  125.0  1.279E+08  9.958E+06  1.714E+05 3.973E-15 1191.5  1192  1.930E+06  1.480E+03  4.973E+04  3.866E+06  125.8  160.6   30.1   39.0   56.0   56.0   39.0   31.4    5.9
2000  1  1   1 12.00  435.0  -25.0  125.0  1.193E+08  8.820E+06  1.492E+05 3.686E-15 1191.6  1192  1.897E+06  1.245E+03  4.951E+04  3.638E+06  125.8  160.6   30.1   39.0   56.0   56.0   39.0   31.4    5.9
2000  1  1   1 12.00  440.0  -25.0  125.0  1.113E+08  7.814E+06  1.299E+05 3.421E-15 1191.6  1192  1.864E+06  1.047E+03  4.929E+04  3.424E+06  125.8  160.6   30.1   39.0   56.0   56.0   39.0   31.4    5.9
2000  1  1   1 12.00  445.0  -25.0  125.0  1.039E+08  6.924E+06  1.132E+05 3.177E-15 1191.7  1192  1.832E+06  8.815E+02  4.908E+04  3.223E+06  125.8  160.6   30.1   39.0   56.0   56.0   39.0   31.4    5.9
2000  1  1   1 12.00  450.0  -25.0  125.0  9.698E+07  6.136E+06  9.859E+04 2.951E-15 1191.7  1192  1.801E+06  7.420E+02  4.887E+04  3.034E+06  125.8  160.6   30.1   39.0   56.0   56.0   39.0   31.4    5.9
2000  1  1   1 12.00  455.0  -25.0  125.0  9.052E+07  5.439E+06  8.590E+04 2.742E-15 1191.8  1192  1.770E+06  6.248E+02  4.865E+04  2.857E+06  125.8  160.6   30.1   39.0   56.0   56.0   39.0   31.4    5.9
2000  1  1   1 12.00  460.0  -25.0  125.0  8.451E+07  4.822E+06  7.486E+04 2.548E-15 1191.8  1192  1.740E+06  5.262E+02  4.844E+04  2.690E+06  125.8  160.6   30.1   39.0   56.0   56.0   39.0   31.4    5.9
2000  1  1   1 12.00  465.0  -25.0  125.0  7.890E+07  4.276E+06  6.526E+04 2.370E-15 1191.8  1192  1.710E+06  4.433E+02  4.823E+04  2.533E+06  125.8  160.6   30.1   39.0   56.0   56.0   39.0   31.4    5.9
2000  1  1   1 12.00  470.0  -25.0  125.0  7.367E+07  3.792E+06  5.690E+04 2.204E-15 1191.9  1192  1.681E+06  3.736E+02  4.803E+04  2.385E+06  125.8  160.6   30.1   39.0   56.0   56.0   39.0   31.4    5.9
2000  1  1   1 12.00  475.0  -25.0  125.0  6.879E+07  3.364E+06  4.962E+04 2.051E-15 1191.9  1192  1.653E+06  3.149E+02  4.782E+04  2.246E+06  125.8  160.6   30.1   39.0   56.0   56.0   39.0   31.4    5.9
2000  1  1   1 12.00  480.0  -25.0  125.0  6.425E+07  2.984E+06  4.328E+04 1.909E-15 1191.9  1192  1.625E+06  2.655E+02  4.762E+04  2.116E+06  125.8  160.6   30.1   39.0   56.0   56.0   39.0   31.4    5.9
2000  1  1   1 12.00  485.0  -25.0  125.0  6.001E+07  2.648E+06  3.776E+04 1.777E-15 1191.9  1192  1.597E+06  2.239E+02  4.741E+04  1.993E+06  125.8  160.6   30.1   39.0   56.0   56.0   39.0   31.4    5.9
2000  1  1   1 12.00  490.0  -25.0  125.0  5.606E+07  2.350E+06  3.294E+04 1.655E-15 1192.0  1192  1.570E+06  1.889E+02  4.721E+04  1.878E+06  125.8  160.6   30.1   39.0   56.0   56.0   39.0   31.4    5.9
2000  1  1   1 12.00  495.0  -25.0  125.0  5.237E+07  2.086E+06  2.875E+04 1.542E-15 1192.0  1192  1.544E+06  1.594E+02  4.701E+04  1.769E+06  125.8  160.6   30.1   39.0   56.0   56.0   39.0   31.4    5.9
2000  1  1   1 12.00  500.0  -25.0  125.0  4.893E+07  1.852E+06  2.510E+04 1.437E-15 1192.0  1192  1.518E+06  1.345E+02  4.681E+04  1.667E+06  125.8  160.6   30.1   39.0   56.0   56.0   39.0   31.4    5.9
2000  1  1   1 12.00  505.0  -25.0  125.0  4.572E+07  1.645E+06  2.192E+04 1.340E-15 1192.0  1192  1.492E+06  1.135E+02  4.661E+04  1.571E+06  125.8  160.6   30.1   39.0   56.0   56.0   39.0   31.4    5.9
2000  1  1   1 12.00  510.0  -25.0  125.0  4.272E+07  1.461E+06  1.914E+04 1.249E-15 1192.0  1192  1.467E+06  9.587E+01  4.641E+04  1.480E+06  125.8  160.6   30.1   39.0   56.0   56.0   39.0   31.4    5.9
2000  1  1   1 12.00  515.0  -25.0  125.0  3.993E+07  1.298E+06  1.672E+04 1.165E-15 1192.0  1192  1.442E+06  8.097E+01  4.622E+04  1.395E+06  125.8  160.6   30.1   39.0   56.0   56.0   39.0   31.4    5.9
2000  1  1   1 12.00  520.0  -25.0  125.0  3.732E+07  1.153E+06  1.460E+04 1.087E-15 1192.0  1192  1.418E+06  6.841E+01  4.602E+04  1.315E+06  125.8  160.6   30.1   39.0   56.0   56.0   39.0   31.4    5.9
2000  1  1   1 12.00  525.0  -25.0  125.0  3.489E+07  1.025E+06  1.276E+04 1.014E-15 1192.1  1192  1.395E+06  5.780E+01  4.583E+04  1.240E+06  125.8  160.6   30.1   39.0   56.0   56.0   39.0   31.4    5.9
2000  1  1   1 12.00  530.0  -25.0  125.0  3.262E+07  9.106E+05  1.115E+04 9.469E-16 1192.1  1192  1.371E+06  4.886E+01  4.563E+04  1.169E+06  125.8  160.6   30.1   39.0   56.0   56.0   39.0   31.4    5.9
2000  1  1   1 12.00  535.0  -25.0  125.0  3.049E+07  8.095E+05  9.750E+03 8.840E-16 1192.1  1192  1.348E+06  4.131E+01  4.544E+04  1.102E+06  125.8  160.6   30.1   39.0   56.0   56.0   39.0   31.4    5.9
2000  1  1   1 12.00  540.0  -25.0  125.0  2.851E+07  7.197E+05  8.525E+03 8.256E-16 1192.1  1192  1.326E+06  3.493E+01  4.525E+04  1.039E+06  125.8  160.6   30.1   39.0   56.0   56.0   39.0   31.4    5.9
2000  1  1   1 12.00  545.0  -25.0  125.0  2.666E+07  6.400E+05  7.455E+03 7.711E-16 1192.1  1192  1.304E+06  2.955E+01  4.506E+04  9.798E+05  125.8  160.6   30.1   39.0   56.0   56.0   39.0   31.4    5.9
2000  1  1   1 12.00  550.0  -25.0  125.0  2.494E+07  5.692E+05  6.521E+03 7.205E-16 1192.1  1192  1.282E+06  2.500E+01  4.487E+04  9.240E+05  125.8  160.6   30.1   39.0   56.0   56.0   39.0   31.4    5.9
2000  1  1   1 12.00  555.0  -25.0  125.0  2.333E+07  5.063E+05  5.705E+03 6.733E-16 1192.1  1192  1.261E+06  2.116E+01  4.469E+04  8.715E+05  125.8  160.6   30.1   39.0   56.0   56.0   39.0   31.4    5.9
2000  1  1   1 12.00  560.0  -25.0  125.0  2.182E+07  4.505E+05  4.992E+03 6.294E-16 1192.1  1192  1.240E+06  1.791E+01  4.450E+04  8.220E+05  125.8  160.6   30.1   39.0   56.0   56.0   39.0   31.4    5.9
2000  1  1   1 12.00  565.0  -25.0  125.0  2.041E+07  4.008E+05  4.369E+03 5.884E-16 1192.1  1192  1.220E+06  1.516E+01  4.432E+04  7.754E+05  125.8  160.6   30.1   39.0   56.0   56.0   39.0   31.4    5.9
2000  1  1   1 12.00  570.0  -25.0  125.0  1.910E+07  3.568E+05  3.824E+03 5.503E-16 1192.1  1192  1.199E+06  1.284E+01  4.413E+04  7.315E+05  125.8  160.6   30.1   39.0   56.0   56.0   39.0   31.4    5.9
2000  1  1   1 12.00  575.0  -25.0  125.0  1.787E+07  3.176E+05  3.348E+03 5.147E-16 1192.1  1192  1.180E+06  1.088E+01  4.395E+04  6.902E+05  125.8  160.6   30.1   39.0   56.0   56.0   39.0   31.4    5.9
2000  1  1   1 12.00  580.0  -25.0  125.0  1.672E+07  2.827E+05  2.932E+03 4.815E-16 1192.1  1192  1.160E+06  9.216E+00  4.377E+04  6.512E+05  125.8  160.6   30.1   39.0   56.0   56.0   39.0   31.4    5.9
2000  1  1   1 12.00  585.0  -25.0  125.0  1.565E+07  2.518E+05  2.568E+03 4.506E-16 1192.1  1192  1.141E+06  7.811E+00  4.359E+04  6.145E+05  125.8  160.6   30.1   39.0   56.0   56.0   39.0   31.4    5.9
2000  1  1   1 12.00  590.0  -25.0  125.0  1.465E+07  2.242E+05  2.250E+03 4.217E-16 1192.1  1192  1.122E+06  6.621E+00  4.341E+04  5.799E+05  125.8  160.6   30.1   39.0   56.0   56.0   39.0   31.4    5.9
2000  1  1   1 12.00  595.0  -25.0  125.0  1.371E+07  1.997E+05  1.971E+03 3.948E-16 1192.1  1192  1.104E+06  5.614E+00  4.323E+04  5.473E+05  125.8  160.6   30.1   39.0   56.0   56.0   39.0   31.4    5.9
2000  1  1   1 12.00  600.0  -25.0  125.0  1.284E+07  1.779E+05  1.728E+03 3.697E-16 1192.1  1192  1.086E+06  4.761E+00  4.305E+04  5.166E+05  125.8  160.6   30.1   39.0   56.0   56.0   39.0   31.4    5.9
2000  1  1   1 12.00  605.0  -25.0  125.0  1.202E+07  1.585E+05  1.514E+03 3.462E-16 1192.1  1192  1.068E+06  4.039E+00  4.287E+04  4.876E+05  125.8  160.6   30.1   39.0   56.0   56.0   39.0   31.4    5.9
2000  1  1   1 12.00  610.0  -25.0  125.0  1.125E+07  1.413E+05  1.328E+03 3.243E-16 1192.1  1192  1.051E+06  3.427E+00  4.270E+04  4.603E+05  125.8  160.6   30.1   39.0   56.0   56.0   39.0   31.4    5.9
2000  1  1   1 12.00  615.0  -25.0  125.0  1.054E+07  1.259E+05  1.164E+03 3.039E-16 1192.1  1192  1.034E+06  2.909E+00  4.252E+04  4.346E+05  125.8  160.6   30.1   39.0   56.0   56.0   39.0   31.4    5.9
2000  1  1   1 12.00  620.0  -25.0  125.0  9.867E+06  1.123E+05  1.021E+03 2.848E-16 1192.1  1192  1.017E+06  2.469E+00  4.235E+04  4.104E+05  125.8  160.6   30.1   39.0   56.0   56.0   39.0   31.4    5.9
2000  1  1   1 12.00  625.0  -25.0  125.0  9.242E+06  1.001E+05  8.956E+02 2.669E-16 1192.1  1192  1.000E+06  2.097E+00  4.217E+04  3.875E+05  125.8  160.6   30.1   39.0   56.0   56.0   39.0   31.4    5.9
2000  1  1   1 12.00  630.0  -25.0  125.0  8.657E+06  8.927E+04  7.858E+02 2.502E-16 1192.1  1192  9.842E+05  1.781E+00  4.200E+04  3.659E+05  125.8  160.6   30.1   39.0   56.0   56.0   39.0   31.4    5.9
2000  1  1   1 12.00  635.0  -25.0  125.0  8.109E+06  7.962E+04  6.895E+02 2.346E-16 1192.1  1192  9.682E+05  1.513E+00  4.183E+04  3.456E+05  125.8  160.6   30.1   39.0   56.0   56.0   39.0   31.4    5.9
2000  1  1   1 12.00  640.0  -25.0  125.0  7.597E+06  7.103E+04  6.052E+02 2.201E-16 1192.1  1192  9.526E+05  1.285E+00  4.166E+04  3.264E+05  125.8  160.6   30.1   39.0   56.0   56.0   39.0   31.4    5.9
2000  1  1   1 12.00  645.0  -25.0  125.0  7.118E+06  6.337E+04  5.313E+02 2.064E-16 1192.1  1192  9.372E+05  1.092E+00  4.149E+04  3.083E+05  125.8  160.6   30.1   39.0   56.0   56.0   39.0   31.4    5.9
2000  1  1   1 12.00  650.0  -25.0  125.0  6.670E+06  5.655E+04  4.665E+02 1.937E-16 1192.1  1192  9.221E+05  9.287E-01  4.132E+04  2.912E+05  125.8  160.6   30.1   39.0   56.0   56.0   39.0   31.4    5.9
2000  1  1   1 12.00  655.0  -25.0  125.0  6.250E+06  5.047E+04  4.097E+02 1.818E-16 1192.1  1192  9.072E+05  7.897E-01  4.115E+04  2.751E+05  125.8  160.6   30.1   39.0   56.0   56.0   39.0   31.4    5.9
2000  1  1   1 12.00  660.0  -25.0  125.0  5.858E+06  4.506E+04  3.598E+02 1.707E-16 1192.1  1192  8.926E+05  6.716E-01  4.099E+04  2.600E+05  125.8  160.6   30.1   39.0   56.0   56.0   39.0   31.4    5.9
2000  1  1   1 12.00  665.0  -25.0  125.0  5.491E+06  4.023E+04  3.161E+02 1.602E-16 1192.1  1192  8.783E+05  5.714E-01  4.082E+04  2.456E+05  125.8  160.6   30.1   39.0   56.0   56.0   39.0   31.4    5.9
2000  1  1   1 12.00  670.0  -25.0  125.0  5.147E+06  3.592E+04  2.778E+02 1.505E-16 1192.1  1192  8.642E+05  4.862E-01  4.066E+04  2.321E+05  125.8  160.6   30.1   39.0   56.0   56.0   39.0   31.4    5.9
2000  1  1   1 12.00  675.0  -25.0  125.0  4.825E+06  3.208E+04  2.441E+02 1.413E-16 1192.1  1192  8.504E+05  4.138E-01  4.049E+04  2.194E+05  125.8  160.6   30.1   39.0   56.0   56.0   39.0   31.4    5.9
2000  1  1   1 12.00  680.0  -25.0  125.0  4.524E+06  2.866E+04  2.146E+02 1.328E-16 1192.1  1192  8.368E+05  3.522E-01  4.033E+04  2.073E+05  125.8  160.6   30.1   39.0   56.0   56.0   39.0   31.4    5.9
2000  1  1   1 12.00  685.0  -25.0  125.0  4.241E+06  2.560E+04  1.886E+02 1.248E-16 1192.1  1192  8.234E+05  2.999E-01  4.017E+04  1.960E+05  125.8  160.6   30.1   39.0   56.0   56.0   39.0   31.4    5.9
2000  1  1   1 12.00  690.0  -25.0  125.0  3.977E+06  2.287E+04  1.659E+02 1.173E-16 1192.1  1192  8.103E+05  2.554E-01  4.001E+04  1.852E+05  125.8  160.6   30.1   39.0   56.0   56.0   39.0   31.4    5.9
2000  1  1   1 12.00  695.0  -25.0  125.0  3.730E+06  2.044E+04  1.459E+02 1.103E-16 1192.1  1192  7.974E+05  2.176E-01  3.985E+04  1.751E+05  125.8  160.6   30.1   39.0   56.0   56.0   39.0   31.4    5.9
2000  1  1   1 12.00  700.0  -25.0  125.0  3.498E+06  1.827E+04  1.283E+02 1.037E-16 1192.1  1192  7.847E+05  1.854E-01  3.969E+04  1.655E+05  125.8  160.6   30.1   39.0   56.0   56.0   39.0   31.4    5.9
2000  1  1   1 12.00  705.0  -25.0  125.0  3.281E+06  1.633E+04  1.129E+02 9.753E-17 1192.1  1192  7.722E+05  1.580E-01  3.953E+04  1.565E+05  125.8  160.6   30.1   39.0   56.0   56.0   39.0   31.4    5.9
2000  1  1   1 12.00  710.0  -25.0  125.0  3.078E+06  1.460E+04  9.936E+01 9.176E-17 1192.1  1192  7.600E+05  1.347E-01  3.937E+04  1.480E+05  125.8  160.6   30.1   39.0   56.0   56.0   39.0   31.4    5.9
2000  1  1   1 12.00  715.0  -25.0  125.0  2.888E+06  1.306E+04  8.745E+01 8.635E-17 1192.1  1192  7.479E+05  1.149E-01  3.922E+04  1.400E+05  125.8  160.6   30.1   39.0   56.0   56.0   39.0   31.4    5.9
2000  1  1   1 12.00  720.0  -25.0  125.0  2.709E+06  1.168E+04  7.698E+01 8.128E-17 1192.1  1192  7.361E+05  9.796E-02  3.906E+04  1.324E+05  125.8  160.6   30.1   39.0   56.0   56.0   39.0   31.4    5.9
2000  1  1   1 12.00  725.0  -25.0  125.0  2.542E+06  1.045E+04  6.777E+01 7.653E-17 1192.1  1192  7.245E+05  8.356E-02  3.890E+04  1.252E+05  125.8  160.6   30.1   39.0   56.0   56.0   39.0   31.4    5.9
2000  1  1   1 12.00  730.0  -25.0  125.0  2.386E+06  9.347E+03  5.968E+01 7.207E-17 1192.1  1192  7.131E+05  7.130E-02  3.875E+04  1.184E+05  125.8  160.6   30.1   39.0   56.0   56.0   39.0   31.4    5.9
2000  1  1   1 12.00  735.0  -25.0  125.0  2.239E+06  8.364E+03  5.257E+01 6.789E-17 1192.1  1192  7.018E+05  6.084E-02  3.860E+04  1.120E+05  125.8  160.6   30.1   39.0   56.0   56.0   39.0   31.4    5.9
2000  1  1   1 12.00  740.0  -25.0  125.0  2.101E+06  7.485E+03  4.631E+01 6.397E-17 1192.1  1192  6.908E+05  5.194E-02  3.844E+04  1.060E+05  125.8  160.6   30.1   39.0   56.0   56.0   39.0   31.4    5.9
2000  1  1   1 12.00  745.0  -25.0  125.0  1.973E+06  6.700E+03  4.080E+01 6.029E-17 1192.1  1192  6.800E+05  4.434E-02  3.829E+04  1.002E+05  125.8  160.6   30.1   39.0   56.0   56.0   39.0   31.4    5.9
