2012  3 30  90  0.00    0.0   69.0   19.0  9.999E-38  2.148E+19  5.759E+18 1.322E-03  264.0   935  1.430E+14  2.567E+17  9.999E-38  9.999E-38  111.2  113.5    4.5   12.0    9.0    5.0    3.0    3.0   22.4
2012  3 30  90  0.00    5.0   69.0   19.0  9.999E-38  1.204E+19  3.228E+18 7.409E-04  240.3   935  8.016E+13  1.438E+17  9.999E-38  9.999E-38  111.2  113.5    4.5   12.0    9.0    5.0    3.0    3.0   22.4
2012  3 30  90  0.00   10.0   69.0   19.0  9.999E-38  6.276E+18  1.683E+18 3.864E-04  216.9   935  4.180E+13  7.501E+16  9.999E-38  9.999E-38  111.2  113.5    4.5   12.0    9.0    5.0    3.0    3.0   22.4
2012  3 30  90  0.00   15.0   69.0   19.0  9.999E-38  2.864E+18  7.680E+17 1.763E-04  215.5   935  1.907E+13  3.423E+16  9.999E-38  9.999E-38  111.2  113.5    4.5   12.0    9.0    5.0    3.0    3.0   22.4
2012  3 30  90  0.00   20.0   69.0   19.0  9.999E-38  1.317E+18  3.530E+17 8.105E-05  211.2   935  8.768E+12  1.573E+16  9.999E-38  9.999E-38  111.2  113.5    4.5   12.0    9.0    5.0    3.0    3.0   22.4
2012  3 30  90  0.00   25.0   69.0   19.0  9.999E-38  5.848E+17  1.568E+17 3.600E-05  212.8   935  3.894E+12  6.989E+15  9.999E-38  9.999E-38  111.2  113.5    4.5   12.0    9.0    5.0    3.0    3.0   22.4
2012  3 30  90  0.00   30.0   69.0   19.0  9.999E-38  2.582E+17  6.923E+16 1.589E-05  219.3   935  1.719E+12  3.085E+15  9.999E-38  9.999E-38  111.2  113.5    4.5   12.0    9.0    5.0    3.0    3.0   22.4
2012  3 30  90  0.00   35.0   69.0   19.0  9.999E-38  1.147E+17  3.077E+16 7.063E-06  233.0   935  7.640E+11  1.371E+15  9.999E-38  9.999E-38  111.2  113.5    4.5   12.0    9.0    5.0    3.0    3.0   22.4
2012  3 30  90  0.00   40.0   69.0   19.0  9.999E-38  5.352E+16  1.435E+16 3.295E-06  246.8   935  3.564E+11  6.396E+14  9.999E-38  9.999E-38  111.2  113.5    4.5   12.0    9.0    5.0    3.0    3.0   22.4
2012  3 30  90  0.00   45.0   69.0   19.0  9.999E-38  2.616E+16  7.014E+15 1.610E-06  259.2   935  1.742E+11  3.126E+14  9.999E-38  9.999E-38  111.2  113.5    4.5   12.0    9.0    5.0    3.0    3.0   22.4
2012  3 30  90  0.00   50.0   69.0   19.0  9.999E-38  1.355E+16  3.632E+15 8.338E-07  262.9   935  9.021E+10  1.619E+14  9.999E-38  9.999E-38  111.2  113.5    4.5   12.0    9.0    5.0    3.0    3.0   22.4
2012  3 30  90  0.00   55.0   69.0   19.0  5.629E+07  7.229E+15  1.939E+15 4.450E-07  258.7   935  4.814E+10  8.640E+13  9.999E-38  9.999E-38  111.2  113.5    4.5   12.0    9.0    5.0    3.0    3.0   22.4
2012  3 30  90  0.00   60.0   69.0   19.0  6.230E+07  3.871E+15  1.038E+15 2.383E-07  249.5   935  2.578E+10  4.626E+13  9.999E-38  9.999E-38  111.2  113.5    4.5   12.0    9.0    5.0    3.0    3.0   22.4
2012  3 30  90  0.00   65.0   69.0   19.0  8.210E+07  2.047E+15  5.488E+14 1.260E-07  236.7   935  1.363E+10  2.446E+13  9.999E-38  9.999E-38  111.2  113.5    4.5   12.0    9.0    5.0    3.0    3.0   22.4
2012  3 30  90  0.00   70.0   69.0   19.0  1.982E+08  1.047E+15  2.808E+14 6.446E-08  222.9   935  6.973E+09  1.251E+13  9.999E-38  9.999E-38  111.2  113.5    4.5   12.0    9.0    5.0    3.0    3.0   22.4
2012  3 30  90  0.00   75.0   69.0   19.0  4.080E+08  5.059E+14  1.357E+14 3.114E-08  214.5   935  3.369E+09  6.046E+12  9.999E-38  9.999E-38  111.2  113.5    4.5   12.0    9.0    5.0    3.0    3.0   22.4
2012  3 30  90  0.00   80.0   69.0   19.0  4.243E+09  2.368E+14  6.351E+13 1.458E-08  206.7   935  1.600E+09  2.831E+12  1.317E+08  9.999E-38  111.2  113.5    4.5   12.0    9.0    5.0    3.0    3.0   22.4
2012  3 30  90  0.00   85.0   69.0   19.0  5.096E+10  1.028E+14  2.758E+13 6.332E-09  215.2   935  7.332E+08  1.229E+12  1.753E+08  9.999E-38  111.2  113.5    4.5   12.0    9.0    5.0    3.0    3.0   22.4
2012  3 30  90  0.00   90.0   69.0   19.0  3.182E+11  4.891E+13  1.304E+13 3.015E-09  208.1   935  3.919E+08  5.783E+11  1.186E+08  9.999E-38  111.2  113.5    4.5   12.0    9.0    5.0    3.0    3.0   22.4
2012  3 30  90  0.00   95.0   69.0   19.0  7.241E+11  2.356E+13  6.151E+12 1.460E-09  187.7   935  2.425E+08  2.684E+11  7.836E+07  6.321E+04  111.2  113.5    4.5   12.0    9.0    5.0    3.0    3.0   22.4
2012  3 30  90  0.00  100.0   69.0   19.0  5.912E+11  1.020E+13  2.524E+12 6.312E-10  175.5   935  1.578E+08  1.052E+11  4.924E+07  1.289E+05  111.2  113.5    4.5   12.0    9.0    5.0    3.0    3.0   22.4
2012  3 30  90  0.00  105.0   69.0   19.0  2.834E+11  3.924E+12  8.911E+11 2.397E-10  181.8   935  1.060E+08  3.425E+10  2.907E+07  2.258E+05  111.2  113.5    4.5   12.0    9.0    5.0    3.0    3.0   22.4
2012  3 30  90  0.00  110.0   69.0   19.0  1.492E+11  1.446E+12  2.963E+11 8.768E-11  216.0   935  7.166E+07  1.049E+10  1.631E+07  3.571E+05  111.2  113.5    4.5   12.0    9.0    5.0    3.0    3.0   22.4
2012  3 30  90  0.00  115.0   69.0   19.0  8.488E+10  5.807E+11  1.073E+11 3.521E-11  277.7   935  4.834E+07  3.555E+09  8.941E+06  5.476E+05  111.2  113.5    4.5   12.0    9.0    5.0    3.0    3.0   22.4
2012  3 30  90  0.00  120.0   69.0   19.0  5.323E+10  2.747E+11  4.606E+10 1.674E-11  351.5   935  3.483E+07  1.451E+09  5.258E+06  8.566E+05  111.2  113.5    4.5   12.0    9.0    5.0    3.0    3.0   22.4
2012  3 30  90  0.00  125.0   69.0   19.0  3.654E+10  1.504E+11  2.309E+10 9.240E-12  424.9   935  2.674E+07  6.972E+08  3.360E+06  1.347E+06  111.2  113.5    4.5   12.0    9.0    5.0    3.0    3.0   22.4
2012  3 30  90  0.00  130.0   69.0   19.0  2.682E+10  9.200E+10  1.305E+10 5.711E-12  490.1   935  2.174E+07  3.808E+08  2.302E+06  2.077E+06  111.2  113.5    4.5   12.0    9.0    5.0    3.0    3.0   22.4
2012  3 30  90  0.00  135.0   69.0   19.0  2.059E+10  6.066E+10  7.995E+09 3.809E-12  546.9   935  1.840E+07  2.265E+08  1.662E+06  3.088E+06  111.2  113.5    4.5   12.0    9.0    5.0    3.0    3.0   22.4
2012  3 30  90  0.00  140.0   69.0   19.0  1.634E+10  4.214E+10  5.191E+09 2.680E-12  596.4   935  1.602E+07  1.429E+08  1.247E+06  4.411E+06  111.2  113.5    4.5   12.0    9.0    5.0    3.0    3.0   22.4
2012  3 30  90  0.00  145.0   69.0   19.0  1.330E+10  3.042E+10  3.519E+09 1.962E-12  639.5   935  1.424E+07  9.413E+07  9.652E+05  6.045E+06  111.2  113.5    4.5   12.0    9.0    5.0    3.0    3.0   22.4
2012  3 30  90  0.00  150.0   69.0   19.0  1.103E+10  2.260E+10  2.467E+09 1.480E-12  677.0   935  1.285E+07  6.414E+07  7.665E+05  7.932E+06  111.2  113.5    4.5   12.0    9.0    5.0    3.0    3.0   22.4
2012  3 30  90  0.00  155.0   69.0   19.0  9.279E+09  1.717E+10  1.776E+09 1.143E-12  709.8   935  1.175E+07  4.486E+07  6.227E+05  9.969E+06  111.2  113.5    4.5   12.0    9.0    5.0    3.0    3.0   22.4
2012  3 30  90  0.00  160.0   69.0   19.0  7.899E+09  1.327E+10  1.307E+09 8.993E-13  738.3   935  1.085E+07  3.201E+07  5.165E+05  1.202E+07  111.2  113.5    4.5   12.0    9.0    5.0    3.0    3.0   22.4
2012  3 30  90  0.00  165.0   69.0   19.0  6.790E+09  1.041E+10  9.793E+08 7.188E-13  763.2   935  1.010E+07  2.322E+07  4.368E+05  1.394E+07  111.2  113.5    4.5   12.0    9.0    5.0    3.0    3.0   22.4
2012  3 30  90  0.00  170.0   69.0   19.0  5.885E+09  8.266E+09  7.447E+08 5.820E-13  784.9   935  9.473E+06  1.706E+07  3.761E+05  1.558E+07  111.2  113.5    4.5   12.0    9.0    5.0    3.0    3.0   22.4
2012  3 30  90  0.00  175.0   69.0   19.0  5.137E+09  6.625E+09  5.735E+08 4.764E-13  803.8   935  8.933E+06  1.267E+07  3.294E+05  1.686E+07  111.2  113.5    4.5   12.0    9.0    5.0    3.0    3.0   22.4
2012  3 30  90  0.00  180.0   69.0   19.0  4.510E+09  5.352E+09  4.464E+08 3.936E-13  820.4   935  8.466E+06  9.492E+06  2.930E+05  1.773E+07  111.2  113.5    4.5   12.0    9.0    5.0    3.0    3.0   22.4
2012  3 30  90  0.00  185.0   69.0   19.0  3.980E+09  4.354E+09  3.507E+08 3.279E-13  834.8   935  8.057E+06  7.163E+06  2.644E+05  1.817E+07  111.2  113.5    4.5   12.0    9.0    5.0    3.0    3.0   22.4
2012  3 30  90  0.00  190.0   69.0   19.0  3.526E+09  3.563E+09  2.776E+08 2.750E-13  847.4   935  7.695E+06  5.439E+06  2.417E+05  1.824E+07  111.2  113.5    4.5   12.0    9.0    5.0    3.0    3.0   22.4
2012  3 30  90  0.00  195.0   69.0   19.0  3.136E+09  2.929E+09  2.212E+08 2.321E-13  858.4   935  7.372E+06  4.152E+06  2.236E+05  1.799E+07  111.2  113.5    4.5   12.0    9.0    5.0    3.0    3.0   22.4
2012  3 30  90  0.00  200.0   69.0   19.0  2.798E+09  2.419E+09  1.772E+08 1.969E-13  868.0   935  7.082E+06  3.184E+06  2.089E+05  1.748E+07  111.2  113.5    4.5   12.0    9.0    5.0    3.0    3.0   22.4
2012  3 30  90  0.00  205.0   69.0   19.0  2.503E+09  2.004E+09  1.427E+08 1.679E-13  876.4   935  6.819E+06  2.452E+06  1.970E+05  1.679E+07  111.2  113.5    4.5   12.0    9.0    5.0    3.0    3.0   22.4
2012  3 30  90  0.00  210.0   69.0   19.0  2.245E+09  1.666E+09  1.153E+08 1.438E-13  883.7   935  6.579E+06  1.894E+06  1.872E+05  1.598E+07  111.2  113.5    4.5   12.0    9.0    5.0    3.0    3.0   22.4
2012  3 30  90  0.00  215.0   69.0   19.0  2.017E+09  1.389E+09  9.357E+07 1.237E-13  890.1   935  6.358E+06  1.468E+06  1.792E+05  1.509E+07  111.2  113.5    4.5   12.0    9.0    5.0    3.0    3.0   22.4
2012  3 30  90  0.00  220.0   69.0   19.0  1.815E+09  1.161E+09  7.615E+07 1.067E-13  895.7   935  6.153E+06  1.141E+06  1.725E+05  1.417E+07  111.2  113.5    4.5   12.0    9.0    5.0    3.0    3.0   22.4
2012  3 30  90  0.00  225.0   69.0   19.0  1.637E+09  9.720E+08  6.213E+07 9.240E-14  900.6   935  5.963E+06  8.886E+05  1.668E+05  1.324E+07  111.2  113.5    4.5   12.0    9.0    5.0    3.0    3.0   22.4
2012  3 30  90  0.00  230.0   69.0   19.0  1.477E+09  8.154E+08  5.081E+07 8.025E-14  904.9   935  5.785E+06  6.936E+05  1.621E+05  1.232E+07  111.2  113.5    4.5   12.0    9.0    5.0    3.0    3.0   22.4
2012  3 30  90  0.00  235.0   69.0   19.0  1.335E+09  6.851E+08  4.164E+07 6.990E-14  908.6   935  5.617E+06  5.425E+05  1.580E+05  1.144E+07  111.2  113.5    4.5   12.0    9.0    5.0    3.0    3.0   22.4
2012  3 30  90  0.00  240.0   69.0   19.0  1.208E+09  5.765E+08  3.418E+07 6.104E-14  911.9   935  5.459E+06  4.250E+05  1.545E+05  1.060E+07  111.2  113.5    4.5   12.0    9.0    5.0    3.0    3.0   22.4
2012  3 30  90  0.00  245.0   69.0   19.0  1.094E+09  4.858E+08  2.810E+07 5.344E-14  914.7   935  5.309E+06  3.334E+05  1.515E+05  9.808E+06  111.2  113.5    4.5   12.0    9.0    5.0    3.0    3.0   22.4
2012  3 30  90  0.00  250.0   69.0   19.0  9.914E+08  4.098E+08  2.314E+07 4.689E-14  917.3   935  5.167E+06  2.620E+05  1.489E+05  9.063E+06  111.2  113.5    4.5   12.0    9.0    5.0    3.0    3.0   22.4
2012  3 30  90  0.00  255.0   69.0   19.0  8.992E+08  3.460E+08  1.907E+07 4.124E-14  919.4   935  5.031E+06  2.061E+05  1.466E+05  8.367E+06  111.2  113.5    4.5   12.0    9.0    5.0    3.0    3.0   22.4
2012  3 30  90  0.00  260.0   69.0   19.0  8.161E+08  2.924E+08  1.574E+07 3.634E-14  921.4   935  4.900E+06  1.623E+05  1.445E+05  7.720E+06  111.2  113.5    4.5   12.0    9.0    5.0    3.0    3.0   22.4
2012  3 30  90  0.00  265.0   69.0   19.0  7.411E+08  2.474E+08  1.300E+07 3.209E-14  923.0   935  4.776E+06  1.280E+05  1.427E+05  7.120E+06  111.2  113.5    4.5   12.0    9.0    5.0    3.0    3.0   22.4
2012  3 30  90  0.00  270.0   69.0   19.0  6.734E+08  2.094E+08  1.075E+07 2.839E-14  924.5   935  4.656E+06  1.010E+05  1.410E+05  6.565E+06  111.2  113.5    4.5   12.0    9.0    5.0    3.0    3.0   22.4
2012  3 30  90  0.00  275.0   69.0   19.0  6.121E+08  1.774E+08  8.891E+06 2.516E-14  925.8   935  4.540E+06  7.976E+04  1.395E+05  6.052E+06  111.2  113.5    4.5   12.0    9.0    5.0    3.0    3.0   22.4
2012  3 30  90  0.00  280.0   69.0   19.0  5.567E+08  1.504E+08  7.362E+06 2.234E-14  926.9   935  4.429E+06  6.305E+04  1.381E+05  5.579E+06  111.2  113.5    4.5   12.0    9.0    5.0    3.0    3.0   22.4
2012  3 30  90  0.00  285.0   69.0   19.0  5.065E+08  1.275E+08  6.100E+06 1.986E-14  927.9   935  4.321E+06  4.988E+04  1.368E+05  5.143E+06  111.2  113.5    4.5   12.0    9.0    5.0    3.0    3.0   22.4
2012  3 30  90  0.00  290.0   69.0   19.0  4.610E+08  1.082E+08  5.057E+06 1.769E-14  928.8   935  4.217E+06  3.948E+04  1.356E+05  4.741E+06  111.2  113.5    4.5   12.0    9.0    5.0    3.0    3.0   22.4
2012  3 30  90  0.00  295.0   69.0   19.0  4.197E+08  9.188E+07  4.195E+06 1.578E-14  929.6   935  4.116E+06  3.128E+04  1.345E+05  4.370E+06  111.2  113.5    4.5   12.0    9.0    5.0    3.0    3.0   22.4
2012  3 30  90  0.00  300.0   69.0   19.0  3.822E+08  7.804E+07  3.482E+06 1.409E-14  930.2   935  4.019E+06  2.479E+04  1.334E+05  4.029E+06  111.2  113.5    4.5   12.0    9.0    5.0    3.0    3.0   22.4