2008  1  1   1 12.00    0.0  -25.0  125.0  9.999E-38  1.911E+19  5.125E+18 1.177E-03  296.7   852  1.273E+14  2.284E+17  9.999E-38  9.999E-38   74.2   72.5    4.0    6.0    6.0    7.0   12.0    3.4    4.2
2008  1  1   1 12.00    5.0  -25.0  125.0  9.999E-38  1.149E+19  3.081E+18 7.073E-04  270.6   852  7.651E+13  1.373E+17  9.999E-38  9.999E-38   74.2   72.5    4.0    6.0    6.0    7.0   12.0    3.4    4.2
2008  1  1   1 12.00   10.0  -25.0  125.0  9.999E-38  6.713E+18  1.800E+18 4.132E-04  237.6   852  4.470E+13  8.022E+16  9.999E-38  9.999E-38   74.2   72.5    4.0    6.0    6.0    7.0   12.0    3.4    4.2
2008  1  1   1 12.00   15.0  -25.0  125.0  9.999E-38  3.596E+18  9.642E+17 2.213E-04  203.5   852  2.395E+13  4.297E+16  9.999E-38  9.999E-38   74.2   72.5    4.0    6.0    6.0    7.0   12.0    3.4    4.2
2008  1  1   1 12.00   20.0  -25.0  125.0  9.999E-38  1.545E+18  4.142E+17 9.508E-05  204.1   852  1.029E+13  1.846E+16  9.999E-38  9.999E-38   74.2   72.5    4.0    6.0    6.0    7.0   12.0    3.4    4.2
2008  1  1   1 12.00   25.0  -25.0  125.0  9.999E-38  6.473E+17  1.736E+17 3.985E-05  218.4   852  4.310E+12  7.736E+15  9.999E-38  9.999E-38   74.2   72.5    4.0    6.0    6.0    7.0   12.0    3.4    4.2
2008  1  1   1 12.00   30.0  -25.0  125.0  9.999E-38  2.914E+17  7.814E+16 1.794E-05  227.4   852  1.941E+12  3.482E+15  9.999E-38  9.999E-38   74.2   72.5    4.0    6.0    6.0    7.0   12.0    3.4    4.2
2008  1  1   1 12.00   35.0  -25.0  125.0  9.999E-38  1.342E+17  3.599E+16 8.263E-06  239.1   852  8.938E+11  1.604E+15  9.999E-38  9.999E-38   74.2   72.5    4.0    6.0    6.0    7.0   12.0    3.4    4.2
2008  1  1   1 12.00   40.0  -25.0  125.0  9.999E-38  6.414E+16  1.720E+16 3.949E-06  251.8   852  4.272E+11  7.666E+14  9.999E-38  9.999E-38   74.2   72.5    4.0    6.0    6.0    7.0   12.0    3.4    4.2
2008  1  1   1 12.00   45.0  -25.0  125.0  9.999E-38  3.185E+16  8.540E+15 1.960E-06  264.5   852  2.121E+11  3.806E+14  9.999E-38  9.999E-38   74.2   72.5    4.0    6.0    6.0    7.0   12.0    3.4    4.2
2008  1  1   1 12.00   50.0  -25.0  125.0  9.999E-38  1.689E+16  4.530E+15 1.040E-06  265.3   852  1.125E+11  2.019E+14  9.999E-38  9.999E-38   74.2   72.5    4.0    6.0    6.0    7.0   12.0    3.4    4.2
2008  1  1   1 12.00   55.0  -25.0  125.0  6.746E+09  9.235E+15  2.476E+15 5.685E-07  254.8   852  6.150E+10  1.104E+14  9.999E-38  9.999E-38   74.2   72.5    4.0    6.0    6.0    7.0   12.0    3.4    4.2
2008  1  1   1 12.00   60.0  -25.0  125.0  7.531E+09  4.950E+15  1.327E+15 3.047E-07  242.5   852  3.297E+10  5.916E+13  9.999E-38  9.999E-38   74.2   72.5    4.0    6.0    6.0    7.0   12.0    3.4    4.2
2008  1  1   1 12.00   65.0  -25.0  125.0  7.169E+09  2.592E+15  6.949E+14 1.595E-07  227.4   852  1.726E+10  3.097E+13  9.999E-38  9.999E-38   74.2   72.5    4.0    6.0    6.0    7.0   12.0    3.4    4.2
2008  1  1   1 12.00   70.0  -25.0  125.0  6.428E+09  1.295E+15  3.472E+14 7.971E-08  212.7   852  8.623E+09  1.547E+13  9.999E-38  9.999E-38   74.2   72.5    4.0    6.0    6.0    7.0   12.0    3.4    4.2
2008  1  1   1 12.00   75.0  -25.0  125.0  7.902E+09  6.000E+14  1.609E+14 3.694E-08  207.2   852  3.996E+09  7.171E+12  9.999E-38  9.999E-38   74.2   72.5    4.0    6.0    6.0    7.0   12.0    3.4    4.2
2008  1  1   1 12.00   80.0  -25.0  125.0  1.975E+10  2.790E+14  7.480E+13 1.717E-08  195.2   852  1.882E+09  3.334E+12  2.440E+08  9.999E-38   74.2   72.5    4.0    6.0    6.0    7.0   12.0    3.4    4.2
2008  1  1   1 12.00   85.0  -25.0  125.0  5.325E+10  1.187E+14  3.181E+13 7.308E-09  194.4   852  8.458E+08  1.418E+12  2.136E+08  9.999E-38   74.2   72.5    4.0    6.0    6.0    7.0   12.0    3.4    4.2
2008  1  1   1 12.00   90.0  -25.0  125.0  3.236E+11  5.114E+13  1.358E+13 3.149E-09  193.7   852  4.084E+08  6.021E+11  1.220E+08  9.999E-38   74.2   72.5    4.0    6.0    6.0    7.0   12.0    3.4    4.2
2008  1  1   1 12.00   95.0  -25.0  125.0  7.665E+11  2.271E+13  5.877E+12 1.406E-09  184.5   852  2.294E+08  2.555E+11  7.407E+07  1.088E+05   74.2   72.5    4.0    6.0    6.0    7.0   12.0    3.4    4.2
2008  1  1   1 12.00  100.0  -25.0  125.0  6.196E+11  9.636E+12  2.369E+12 5.971E-10  176.3   852  1.415E+08  9.777E+10  4.641E+07  2.171E+05   74.2   72.5    4.0    6.0    6.0    7.0   12.0    3.4    4.2
2008  1  1   1 12.00  105.0  -25.0  125.0  2.639E+11  3.739E+12  8.466E+11 2.280E-10  183.0   852  9.102E+07  3.173E+10  2.827E+07  3.787E+05   74.2   72.5    4.0    6.0    6.0    7.0   12.0    3.4    4.2
2008  1  1   1 12.00  110.0  -25.0  125.0  1.323E+11  1.386E+12  2.845E+11 8.374E-11  218.9   852  5.861E+07  9.588E+09  1.643E+07  5.957E+05   74.2   72.5    4.0    6.0    6.0    7.0   12.0    3.4    4.2
2008  1  1   1 12.00  115.0  -25.0  125.0  7.460E+10  5.576E+11  1.039E+11 3.365E-11  285.4   852  3.745E+07  3.190E+09  9.277E+06  9.056E+05   74.2   72.5    4.0    6.0    6.0    7.0   12.0    3.4    4.2
2008  1  1   1 12.00  120.0  -25.0  125.0  4.722E+10  2.671E+11  4.545E+10 1.618E-11  363.4   852  2.585E+07  1.292E+09  5.644E+06  1.420E+06   74.2   72.5    4.0    6.0    6.0    7.0   12.0    3.4    4.2
2008  1  1   1 12.00  125.0  -25.0  125.0  3.307E+10  1.494E+11  2.342E+10 9.114E-12  436.1   852  1.935E+07  6.216E+08  3.773E+06  2.267E+06   74.2   72.5    4.0    6.0    6.0    7.0   12.0    3.4    4.2
2008  1  1   1 12.00  130.0  -25.0  125.0  2.471E+10  9.310E+10  1.355E+10 5.730E-12  498.2   852  1.540E+07  3.387E+08  2.702E+06  3.545E+06   74.2   72.5    4.0    6.0    6.0    7.0   12.0    3.4    4.2
2008  1  1   1 12.00  135.0  -25.0  125.0  1.924E+10  6.224E+10  8.455E+09 3.869E-12  551.0   852  1.278E+07  2.001E+08  2.032E+06  5.332E+06   74.2   72.5    4.0    6.0    6.0    7.0   12.0    3.4    4.2
2008  1  1   1 12.00  140.0  -25.0  125.0  1.544E+10  4.370E+10  5.567E+09 2.747E-12  595.8   852  1.091E+07  1.250E+08  1.583E+06  7.686E+06   74.2   72.5    4.0    6.0    6.0    7.0   12.0    3.4    4.2
2008  1  1   1 12.00  145.0  -25.0  125.0  1.268E+10  3.178E+10  3.814E+09 2.024E-12  633.9   852  9.530E+06  8.140E+07  1.269E+06  1.062E+07   74.2   72.5    4.0    6.0    6.0    7.0   12.0    3.4    4.2
2008  1  1   1 12.00  150.0  -25.0  125.0  1.058E+10  2.373E+10  2.695E+09 1.532E-12  666.3   852  8.461E+06  5.475E+07  1.041E+06  1.402E+07   74.2   72.5    4.0    6.0    6.0    7.0   12.0    3.4    4.2
2008  1  1   1 12.00  155.0  -25.0  125.0  8.947E+09  1.809E+10  1.950E+09 1.186E-12  693.9   852  7.614E+06  3.776E+07  8.716E+05  1.773E+07   74.2   72.5    4.0    6.0    6.0    7.0   12.0    3.4    4.2
2008  1  1   1 12.00  160.0  -25.0  125.0  7.644E+09  1.401E+10  1.439E+09 9.335E-13  717.3   852  6.929E+06  2.656E+07  7.429E+05  2.149E+07   74.2   72.5    4.0    6.0    6.0    7.0   12.0    3.4    4.2
2008  1  1   1 12.00  165.0  -25.0  125.0  6.588E+09  1.099E+10  1.079E+09 7.453E-13  737.2   852  6.365E+06  1.899E+07  6.439E+05  2.502E+07   74.2   72.5    4.0    6.0    6.0    7.0   12.0    3.4    4.2
2008  1  1   1 12.00  170.0  -25.0  125.0  5.719E+09  8.707E+09  8.196E+08 6.021E-13  754.2   852  5.895E+06  1.375E+07  5.668E+05  2.808E+07   74.2   72.5    4.0    6.0    6.0    7.0   12.0    3.4    4.2
2008  1  1   1 12.00  175.0  -25.0  125.0  4.994E+09  6.958E+09  6.295E+08 4.912E-13  768.6   852  5.498E+06  1.006E+07  5.062E+05  3.048E+07   74.2   72.5    4.0    6.0    6.0    7.0   12.0    3.4    4.2
2008  1  1   1 12.00  180.0  -25.0  125.0  4.383E+09  5.599E+09  4.879E+08 4.041E-13  780.9   852  5.159E+06  7.425E+06  4.581E+05  3.210E+07   74.2   72.5    4.0    6.0    6.0    7.0   12.0    3.4    4.2
2008  1  1   1 12.00  185.0  -25.0  125.0  3.864E+09  4.532E+09  3.812E+08 3.349E-13  791.3   852  4.867E+06  5.520E+06  4.197E+05  3.296E+07   74.2   72.5    4.0    6.0    6.0    7.0   12.0    3.4    4.2
2008  1  1   1 12.00  190.0  -25.0  125.0  3.418E+09  3.686E+09  2.997E+08 2.792E-13  800.3   852  4.613E+06  4.129E+06  3.888E+05  3.310E+07   74.2   72.5    4.0    6.0    6.0    7.0   12.0    3.4    4.2
2008  1  1   1 12.00  195.0  -25.0  125.0  3.032E+09  3.010E+09  2.369E+08 2.341E-13  807.9   852  4.391E+06  3.104E+06  3.637E+05  3.263E+07   74.2   72.5    4.0    6.0    6.0    7.0   12.0    3.4    4.2
2008  1  1   1 12.00  200.0  -25.0  125.0  2.697E+09  2.466E+09  1.882E+08 1.973E-13  814.3   852  4.193E+06  2.344E+06  3.432E+05  3.169E+07   74.2   72.5    4.0    6.0    6.0    7.0   12.0    3.4    4.2
2008  1  1   1 12.00  205.0  -25.0  125.0  2.404E+09  2.027E+09  1.500E+08 1.670E-13  819.8   852  4.017E+06  1.776E+06  3.264E+05  3.039E+07   74.2   72.5    4.0    6.0    6.0    7.0   12.0    3.4    4.2
2008  1  1   1 12.00  210.0  -25.0  125.0  2.147E+09  1.670E+09  1.200E+08 1.419E-13  824.5   852  3.859E+06  1.350E+06  3.124E+05  2.885E+07   74.2   72.5    4.0    6.0    6.0    7.0   12.0    3.4    4.2
2008  1  1   1 12.00  215.0  -25.0  125.0  1.920E+09  1.378E+09  9.630E+07 1.210E-13  828.6   852  3.715E+06  1.029E+06  3.008E+05  2.716E+07   74.2   72.5    4.0    6.0    6.0    7.0   12.0    3.4    4.2
2008  1  1   1 12.00  220.0  -25.0  125.0  1.720E+09  1.140E+09  7.745E+07 1.035E-13  832.0   852  3.583E+06  7.867E+05  2.910E+05  2.542E+07   74.2   72.5    4.0    6.0    6.0    7.0   12.0    3.4    4.2
2008  1  1   1 12.00  225.0  -25.0  125.0  1.543E+09  9.446E+08  6.242E+07 8.885E-14  834.9   852  3.461E+06  6.024E+05  2.828E+05  2.366E+07   74.2   72.5    4.0    6.0    6.0    7.0   12.0    3.4    4.2
2008  1  1   1 12.00  230.0  -25.0  125.0  1.385E+09  7.837E+08  5.040E+07 7.648E-14  837.4   852  3.349E+06  4.621E+05  2.757E+05  2.194E+07   74.2   72.5    4.0    6.0    6.0    7.0   12.0    3.4    4.2
2008  1  1   1 12.00  235.0  -25.0  125.0  1.244E+09  6.510E+08  4.075E+07 6.602E-14  839.5   852  3.243E+06  3.550E+05  2.697E+05  2.027E+07   74.2   72.5    4.0    6.0    6.0    7.0   12.0    3.4    4.2
2008  1  1   1 12.00  240.0  -25.0  125.0  1.119E+09  5.413E+08  3.300E+07 5.713E-14  841.3   852  3.145E+06  2.731E+05  2.644E+05  1.869E+07   74.2   72.5    4.0    6.0    6.0    7.0   12.0    3.4    4.2
2008  1  1   1 12.00  245.0  -25.0  125.0  1.007E+09  4.505E+08  2.675E+07 4.956E-14  842.9   852  3.051E+06  2.104E+05  2.598E+05  1.720E+07   74.2   72.5    4.0    6.0    6.0    7.0   12.0    3.4    4.2
2008  1  1   1 12.00  250.0  -25.0  125.0  9.062E+08  3.753E+08  2.171E+07 4.309E-14  844.2   852  2.963E+06  1.622E+05  2.558E+05  1.581E+07   74.2   72.5    4.0    6.0    6.0    7.0   12.0    3.4    4.2
2008  1  1   1 12.00  255.0  -25.0  125.0  8.164E+08  3.129E+08  1.763E+07 3.755E-14  845.3   852  2.879E+06  1.252E+05  2.522E+05  1.451E+07   74.2   72.5    4.0    6.0    6.0    7.0   12.0    3.4    4.2
2008  1  1   1 12.00  260.0  -25.0  125.0  7.357E+08  2.611E+08  1.433E+07 3.279E-14  846.3   852  2.799E+06  9.677E+04  2.490E+05  1.331E+07   74.2   72.5    4.0    6.0    6.0    7.0   12.0    3.4    4.2
2008  1  1   1 12.00  265.0  -25.0  125.0  6.634E+08  2.179E+08  1.166E+07 2.869E-14  847.1   852  2.723E+06  7.483E+04  2.460E+05  1.220E+07   74.2   72.5    4.0    6.0    6.0    7.0   12.0    3.4    4.2
2008  1  1   1 12.00  270.0  -25.0  125.0  5.983E+08  1.820E+08  9.494E+06 2.515E-14  847.8   852  2.650E+06  5.791E+04  2.434E+05  1.118E+07   74.2   72.5    4.0    6.0    6.0    7.0   12.0    3.4    4.2
2008  1  1   1 12.00  275.0  -25.0  125.0  5.399E+08  1.521E+08  7.734E+06 2.209E-14  848.4   852  2.579E+06  4.485E+04  2.409E+05  1.024E+07   74.2   72.5    4.0    6.0    6.0    7.0   12.0    3.4    4.2
2008  1  1   1 12.00  280.0  -25.0  125.0  4.873E+08  1.272E+08  6.304E+06 1.944E-14  849.0   852  2.511E+06  3.476E+04  2.386E+05  9.382E+06   74.2   72.5    4.0    6.0    6.0    7.0   12.0    3.4    4.2
2008  1  1   1 12.00  285.0  -25.0  125.0  4.400E+08  1.064E+08  5.141E+06 1.713E-14  849.4   852  2.445E+06  2.695E+04  2.365E+05  8.592E+06   74.2   72.5    4.0    6.0    6.0    7.0   12.0    3.4    4.2
2008  1  1   1 12.00  290.0  -25.0  125.0  3.973E+08  8.904E+07  4.195E+06 1.512E-14  849.8   852  2.382E+06  2.091E+04  2.344E+05  7.868E+06   74.2   72.5    4.0    6.0    6.0    7.0   12.0    3.4    4.2
2008  1  1   1 12.00  295.0  -25.0  125.0  3.589E+08  7.455E+07  3.424E+06 1.337E-14  850.1   852  2.321E+06  1.623E+04  2.325E+05  7.204E+06   74.2   72.5    4.0    6.0    6.0    7.0   12.0    3.4    4.2
2008  1  1   1 12.00  300.0  -25.0  125.0  3.243E+08  6.244E+07  2.797E+06 1.184E-14  850.4   852  2.261E+06  1.261E+04  2.307E+05  6.597E+06   74.2   72.5    4.0    6.0    6.0    7.0   12.0    3.4    4.2
2008  1  1   1 12.00  305.0  -25.0  125.0  2.931E+08  5.231E+07  2.285E+06 1.050E-14  850.6   852  2.204E+06  9.797E+03  2.290E+05  6.041E+06   74.2   72.5    4.0    6.0    6.0    7.0   12.0    3.4    4.2
2008  1  1   1 12.00  310.0  -25.0  125.0  2.650E+08  4.384E+07  1.868E+06 9.322E-15  850.8   852  2.148E+06  7.617E+03  2.273E+05  5.533E+06   74.2   72.5    4.0    6.0    6.0    7.0   12.0    3.4    4.2
2008  1  1   1 12.00  315.0  -25.0  125.0  2.396E+08  3.676E+07  1.527E+06 8.289E-15  851.0   852  2.094E+06  5.925E+03  2.256E+05  5.068E+06   74.2   72.5    4.0    6.0    6.0    7.0   12.0    3.4    4.2
2008  1  1   1 12.00  320.0  -25.0  125.0  2.167E+08  3.083E+07  1.249E+06 7.379E-15  851.1   852  2.041E+06  4.611E+03  2.241E+05  4.642E+06   74.2   72.5    4.0    6.0    6.0    7.0   12.0    3.4    4.2
2008  1  1   1 12.00  325.0  -25.0  125.0  1.960E+08  2.587E+07  1.022E+06 6.577E-15  851.3   852  1.990E+06  3.590E+03  2.225E+05  4.252E+06   74.2   72.5    4.0    6.0    6.0    7.0   12.0    3.4    4.2
2008  1  1   1 12.00  330.0  -25.0  125.0  1.773E+08  2.171E+07  8.366E+05 5.869E-15  851.4   852  1.941E+06  2.796E+03  2.210E+05  3.896E+06   74.2   72.5    4.0    6.0    6.0    7.0   12.0    3.4    4.2
2008  1  1   1 12.00  335.0  -25.0  125.0  1.604E+08  1.822E+07  6.851E+05 5.242E-15  851.5   852  1.893E+06  2.179E+03  2.195E+05  3.570E+06   74.2   72.5    4.0    6.0    6.0    7.0   12.0    3.4    4.2
2008  1  1   1 12.00  340.0  -25.0  125.0  1.452E+08  1.530E+07  5.612E+05 4.688E-15  851.6   852  1.846E+06  1.698E+03  2.181E+05  3.272E+06   74.2   72.5    4.0    6.0    6.0    7.0   12.0    3.4    4.2
2008  1  1   1 12.00  345.0  -25.0  125.0  1.314E+08  1.285E+07  4.598E+05 4.196E-15  851.6   852  1.800E+06  1.324E+03  2.167E+05  2.999E+06   74.2   72.5    4.0    6.0    6.0    7.0   12.0    3.4    4.2
2008  1  1   1 12.00  350.0  -25.0  125.0  1.190E+08  1.080E+07  3.769E+05 3.759E-15  851.7   852  1.756E+06  1.033E+03  2.153E+05  2.749E+06   74.2   72.5    4.0    6.0    6.0    7.0   12.0    3.4    4.2
2008  1  1   1 12.00  355.0  -25.0  125.0  1.077E+08  9.076E+06  3.090E+05 3.371E-15  851.7   852  1.712E+06  8.064E+02  2.139E+05  2.520E+06   74.2   72.5    4.0    6.0    6.0    7.0   12.0    3.4    4.2
2008  1  1   1 12.00  360.0  -25.0  125.0  9.756E+07  7.630E+06  2.534E+05 3.026E-15  851.8   852  1.670E+06  6.296E+02  2.125E+05  2.311E+06   74.2   72.5    4.0    6.0    6.0    7.0   12.0    3.4    4.2
2008  1  1   1 12.00  365.0  -25.0  125.0  8.837E+07  6.416E+06  2.079E+05 2.718E-15  851.8   852  1.629E+06  4.918E+02  2.112E+05  2.119E+06   74.2   72.5    4.0    6.0    6.0    7.0   12.0    3.4    4.2
2008  1  1   1 12.00  370.0  -25.0  125.0  8.005E+07  5.397E+06  1.706E+05 2.443E-15  851.8   852  1.590E+06  3.843E+02  2.099E+05  1.943E+06   74.2   72.5    4.0    6.0    6.0    7.0   12.0    3.4    4.2
2008  1  1   1 12.00  375.0  -25.0  125.0  7.253E+07  4.541E+06  1.401E+05 2.198E-15  851.9   852  1.551E+06  3.004E+02  2.085E+05  1.783E+06   74.2   72.5    4.0    6.0    6.0    7.0   12.0    3.4    4.2
2008  1  1   1 12.00  380.0  -25.0  125.0  6.573E+07  3.821E+06  1.150E+05 1.979E-15  851.9   852  1.513E+06  2.349E+02  2.072E+05  1.635E+06   74.2   72.5    4.0    6.0    6.0    7.0   12.0    3.4    4.2
2008  1  1   1 12.00  385.0  -25.0  125.0  5.957E+07  3.217E+06  9.450E+04 1.782E-15  851.9   852  1.476E+06  1.837E+02  2.060E+05  1.500E+06   74.2   72.5    4.0    6.0    6.0    7.0   12.0    3.4    4.2
2008  1  1   1 12.00  390.0  -25.0  125.0  5.400E+07  2.709E+06  7.765E+04 1.607E-15  851.9   852  1.440E+06  1.438E+02  2.047E+05  1.377E+06   74.2   72.5    4.0    6.0    6.0    7.0   12.0    3.4    4.2
2008  1  1   1 12.00  395.0  -25.0  125.0  4.895E+07  2.281E+06  6.382E+04 1.449E-15  852.0   852  1.405E+06  1.126E+02  2.034E+05  1.264E+06   74.2   72.5    4.0    6.0    6.0    7.0   12.0    3.4    4.2
2008  1  1   1 12.00  400.0  -25.0  125.0  4.439E+07  1.922E+06  5.247E+04 1.308E-15  852.0   852  1.371E+06  8.816E+01  2.022E+05  1.160E+06   74.2   72.5    4.0    6.0    6.0    7.0   12.0    3.4    4.2
2008  1  1   1 12.00  405.0  -25.0  125.0  4.025E+07  1.620E+06  4.315E+04 1.181E-15  852.0   852  1.338E+06  6.906E+01  2.009E+05  1.065E+06   74.2   72.5    4.0    6.0    6.0    7.0   12.0    3.4    4.2
2008  1  1   1 12.00  410.0  -25.0  125.0  3.651E+07  1.365E+06  3.550E+04 1.067E-15  852.0   852  1.306E+06  5.413E+01  1.997E+05  9.774E+05   74.2   72.5    4.0    6.0    6.0    7.0   12.0    3.4    4.2
2008  1  1   1 12.00  415.0  -25.0  125.0  3.312E+07  1.151E+06  2.921E+04 9.648E-16  852.0   852  1.275E+06  4.244E+01  1.985E+05  8.975E+05   74.2   72.5    4.0    6.0    6.0    7.0   12.0    3.4    4.2
2008  1  1   1 12.00  420.0  -25.0  125.0  3.005E+07  9.707E+05  2.405E+04 8.726E-16  852.0   852  1.244E+06  3.328E+01  1.973E+05  8.242E+05   74.2   72.5    4.0    6.0    6.0    7.0   12.0    3.4    4.2
2008  1  1   1 12.00  425.0  -25.0  125.0  2.727E+07  8.188E+05  1.980E+04 7.897E-16  852.0   852  1.214E+06  2.611E+01  1.961E+05  7.570E+05   74.2   72.5    4.0    6.0    6.0    7.0   12.0    3.4    4.2
2008  1  1   1 12.00  430.0  -25.0  125.0  2.474E+07  6.909E+05  1.631E+04 7.149E-16  852.0   852  1.185E+06  2.049E+01  1.949E+05  6.953E+05   74.2   72.5    4.0    6.0    6.0    7.0   12.0    3.4    4.2
2008  1  1   1 12.00  435.0  -25.0  125.0  2.246E+07  5.831E+05  1.343E+04 6.476E-16  852.0   852  1.157E+06  1.609E+01  1.937E+05  6.388E+05   74.2   72.5    4.0    6.0    6.0    7.0   12.0    3.4    4.2
2008  1  1   1 12.00  440.0  -25.0  125.0  2.039E+07  4.923E+05  1.107E+04 5.868E-16  852.0   852  1.129E+06  1.264E+01  1.925E+05  5.869E+05   74.2   72.5    4.0    6.0    6.0    7.0   12.0    3.4    4.2
2008  1  1   1 12.00  445.0  -25.0  125.0  1.851E+07  4.157E+05  9.127E+03 5.320E-16  852.0   852  1.102E+06  9.930E+00  1.914E+05  5.393E+05   74.2   72.5    4.0    6.0    6.0    7.0   12.0    3.4    4.2
2008  1  1   1 12.00  450.0  -25.0  125.0  1.681E+07  3.511E+05  7.525E+03 4.825E-16  852.0   852  1.076E+06  7.805E+00  1.902E+05  4.957E+05   74.2   72.5    4.0    6.0    6.0    7.0   12.0    3.4    4.2
2008  1  1   1 12.00  455.0  -25.0  125.0  1.527E+07  2.966E+05  6.207E+03 4.378E-16  852.0   852  1.050E+06  6.137E+00  1.891E+05  4.556E+05   74.2   72.5    4.0    6.0    6.0    7.0   12.0    3.4    4.2
2008  1  1   1 12.00  460.0  -25.0  125.0  1.387E+07  2.506E+05  5.121E+03 3.974E-16  852.0   852  1.025E+06  4.827E+00  1.879E+05  4.188E+05   74.2   72.5    4.0    6.0    6.0    7.0   12.0    3.4    4.2
2008  1  1   1 12.00  465.0  -25.0  125.0  1.260E+07  2.118E+05  4.226E+03 3.609E-16  852.0   852  1.001E+06  3.798E+00  1.868E+05  3.850E+05   74.2   72.5    4.0    6.0    6.0    7.0   12.0    3.4    4.2
2008  1  1   1 12.00  470.0  -25.0  125.0  1.145E+07  1.791E+05  3.489E+03 3.278E-16  852.0   852  9.772E+05  2.989E+00  1.857E+05  3.540E+05   74.2   72.5    4.0    6.0    6.0    7.0   12.0    3.4    4.2
2008  1  1   1 12.00  475.0  -25.0  125.0  1.040E+07  1.515E+05  2.881E+03 2.979E-16  852.0   852  9.541E+05  2.354E+00  1.846E+05  3.256E+05   74.2   72.5    4.0    6.0    6.0    7.0   12.0    3.4    4.2
2008  1  1   1 12.00  480.0  -25.0  125.0  9.452E+06  1.281E+05  2.379E+03 2.709E-16  852.0   852  9.315E+05  1.854E+00  1.835E+05  2.994E+05   74.2   72.5    4.0    6.0    6.0    7.0   12.0    3.4    4.2
2008  1  1   1 12.00  485.0  -25.0  125.0  8.591E+06  1.084E+05  1.966E+03 2.464E-16  852.0   852  9.096E+05  1.461E+00  1.824E+05  2.754E+05   74.2   72.5    4.0    6.0    6.0    7.0   12.0    3.4    4.2
2008  1  1   1 12.00  490.0  -25.0  125.0  7.810E+06  9.174E+04  1.625E+03 2.242E-16  852.0   852  8.881E+05  1.151E+00  1.813E+05  2.534E+05   74.2   72.5    4.0    6.0    6.0    7.0   12.0    3.4    4.2
2008  1  1   1 12.00  495.0  -25.0  125.0  7.101E+06  7.765E+04  1.343E+03 2.041E-16  852.0   852  8.673E+05  9.078E-01  1.802E+05  2.331E+05   74.2   72.5    4.0    6.0    6.0    7.0   12.0    3.4    4.2
2008  1  1   1 12.00  500.0  -25.0  125.0  6.457E+06  6.575E+04  1.111E+03 1.858E-16  852.0   852  8.469E+05  7.160E-01  1.792E+05  2.145E+05   74.2   72.5    4.0    6.0    6.0    7.0   12.0    3.4    4.2
2008  1  1   1 12.00  505.0  -25.0  125.0  5.873E+06  5.568E+04  9.186E+02 1.693E-16  852.0   852  8.270E+05  5.650E-01  1.781E+05  1.974E+05   74.2   72.5    4.0    6.0    6.0    7.0   12.0    3.4    4.2
2008  1  1   1 12.00  510.0  -25.0  125.0  5.342E+06  4.717E+04  7.600E+02 1.543E-16  852.0   852  8.077E+05  4.459E-01  1.771E+05  1.817E+05   74.2   72.5    4.0    6.0    6.0    7.0   12.0    3.4    4.2
2008  1  1   1 12.00  515.0  -25.0  125.0  4.859E+06  3.997E+04  6.289E+02 1.407E-16  852.0   852  7.888E+05  3.521E-01  1.760E+05  1.672E+05   74.2   72.5    4.0    6.0    6.0    7.0   12.0    3.4    4.2
2008  1  1   1 12.00  520.0  -25.0  125.0  4.421E+06  3.387E+04  5.206E+02 1.283E-16  852.0   852  7.704E+05  2.781E-01  1.750E+05  1.540E+05   74.2   72.5    4.0    6.0    6.0    7.0   12.0    3.4    4.2
2008  1  1   1 12.00  525.0  -25.0  125.0  4.023E+06  2.872E+04  4.311E+02 1.171E-16  852.0   852  7.524E+05  2.197E-01  1.740E+05  1.418E+05   74.2   72.5    4.0    6.0    6.0    7.0   12.0    3.4    4.2
2008  1  1   1 12.00  530.0  -25.0  125.0  3.662E+06  2.435E+04  3.571E+02 1.069E-16  852.0   852  7.349E+05  1.737E-01  1.729E+05  1.305E+05   74.2   72.5    4.0    6.0    6.0    7.0   12.0    3.4    4.2
2008  1  1   1 12.00  535.0  -25.0  125.0  3.333E+06  2.065E+04  2.958E+02 9.764E-17  852.0   852  7.178E+05  1.373E-01  1.719E+05  1.202E+05   74.2   72.5    4.0    6.0    6.0    7.0   12.0    3.4    4.2
2008  1  1   1 12.00  540.0  -25.0  125.0  3.034E+06  1.752E+04  2.452E+02 8.922E-17  852.0   852  7.012E+05  1.086E-01  1.709E+05  1.107E+05   74.2   72.5    4.0    6.0    6.0    7.0   12.0    3.4    4.2
2008  1  1   1 12.00  545.0  -25.0  125.0  2.762E+06  1.487E+04  2.032E+02 8.157E-17  852.0   852  6.849E+05  8.593E-02  1.699E+05  1.020E+05   74.2   72.5    4.0    6.0    6.0    7.0   12.0    3.4    4.2
2008  1  1   1 12.00  550.0  -25.0  125.0  2.515E+06  1.262E+04  1.685E+02 7.460E-17  852.0   852  6.691E+05  6.801E-02  1.689E+05  9.397E+04   74.2   72.5    4.0    6.0    6.0    7.0   12.0    3.4    4.2
2008  1  1   1 12.00  555.0  -25.0  125.0  2.291E+06  1.071E+04  1.398E+02 6.827E-17  852.0   852  6.536E+05  5.385E-02  1.679E+05  8.658E+04   74.2   72.5    4.0    6.0    6.0    7.0   12.0    3.4    4.2
2008  1  1   1 12.00  560.0  -25.0  125.0  2.087E+06  9.096E+03  1.160E+02 6.251E-17  852.0   852  6.385E+05  4.265E-02  1.670E+05  7.978E+04   74.2   72.5    4.0    6.0    6.0    7.0   12.0    3.4    4.2
2008  1  1   1 12.00  565.0  -25.0  125.0  1.901E+06  7.726E+03  9.622E+01 5.726E-17  852.0   852  6.238E+05  3.379E-02  1.660E+05  7.353E+04   74.2   72.5    4.0    6.0    6.0    7.0   12.0    3.4    4.2
2008  1  1   1 12.00  570.0  -25.0  125.0  1.732E+06  6.563E+03  7.987E+01 5.248E-17  852.0   852  6.094E+05  2.678E-02  1.650E+05  6.777E+04   74.2   72.5    4.0    6.0    6.0    7.0   12.0    3.4    4.2
2008  1  1   1 12.00  575.0  -25.0  125.0  1.578E+06  5.577E+03  6.632E+01 4.813E-17  852.0   852  5.954E+05  2.123E-02  1.641E+05  6.247E+04   74.2   72.5    4.0    6.0    6.0    7.0   12.0    3.4    4.2
2008  1  1   1 12.00  580.0  -25.0  125.0  1.438E+06  4.740E+03  5.508E+01 4.417E-17  852.0   852  5.818E+05  1.684E-02  1.631E+05  5.760E+04   74.2   72.5    4.0    6.0    6.0    7.0   12.0    3.4    4.2
2008  1  1   1 12.00  585.0  -25.0  125.0  1.311E+06  4.030E+03  4.576E+01 4.056E-17  852.0   852  5.684E+05  1.336E-02  1.622E+05  5.311E+04   74.2   72.5    4.0    6.0    6.0    7.0   12.0    3.4    4.2
2008  1  1   1 12.00  590.0  -25.0  125.0  1.195E+06  3.427E+03  3.802E+01 3.726E-17  852.0   852  5.554E+05  1.060E-02  1.612E+05  4.897E+04   74.2   72.5    4.0    6.0    6.0    7.0   12.0    3.4    4.2
2008  1  1   1 12.00  595.0  -25.0  125.0  1.089E+06  2.915E+03  3.160E+01 3.426E-17  852.0   852  5.427E+05  8.416E-03  1.603E+05  4.516E+04   74.2   72.5    4.0    6.0    6.0    7.0   12.0    3.4    4.2
2008  1  1   1 12.00  600.0  -25.0  125.0  9.932E+05  2.480E+03  2.627E+01 3.152E-17  852.0   852  5.304E+05  6.683E-03  1.594E+05  4.166E+04   74.2   72.5    4.0    6.0    6.0    7.0   12.0    3.4    4.2
2008  1  1   1 12.00  605.0  -25.0  125.0  9.058E+05  2.110E+03  2.185E+01 2.902E-17  852.0   852  5.183E+05  5.309E-03  1.585E+05  3.843E+04   74.2   72.5    4.0    6.0    6.0    7.0   12.0    3.4    4.2
2008  1  1   1 12.00  610.0  -25.0  125.0  8.261E+05  1.796E+03  1.818E+01 2.674E-17  852.0   852  5.065E+05  4.219E-03  1.576E+05  3.545E+04   74.2   72.5    4.0    6.0    6.0    7.0   12.0    3.4    4.2
2008  1  1   1 12.00  615.0  -25.0  125.0  7.536E+05  1.529E+03  1.512E+01 2.465E-17  852.0   852  4.950E+05  3.354E-03  1.567E+05  3.271E+04   74.2   72.5    4.0    6.0    6.0    7.0   12.0    3.4    4.2
2008  1  1   1 12.00  620.0  -25.0  125.0  6.875E+05  1.302E+03  1.259E+01 2.275E-17  852.0   852  4.837E+05  2.667E-03  1.558E+05  3.019E+04   74.2   72.5    4.0    6.0    6.0    7.0   12.0    3.4    4.2
2008  1  1   1 12.00  625.0  -25.0  125.0  6.273E+05  1.109E+03  1.048E+01 2.101E-17  852.0   852  4.728E+05  2.121E-03  1.549E+05  2.786E+04   74.2   72.5    4.0    6.0    6.0    7.0   12.0    3.4    4.2
2008  1  1   1 12.00  630.0  -25.0  125.0  5.724E+05  9.448E+02  8.727E+00 1.942E-17  852.0   852  4.621E+05  1.688E-03  1.540E+05  2.571E+04   74.2   72.5    4.0    6.0    6.0    7.0   12.0    3.4    4.2
2008  1  1   1 12.00  635.0  -25.0  125.0  5.224E+05  8.051E+02  7.269E+00 1.796E-17  852.0   852  4.517E+05  1.344E-03  1.531E+05  2.374E+04   74.2   72.5    4.0    6.0    6.0    7.0   12.0    3.4    4.2
2008  1  1   1 12.00  640.0  -25.0  125.0  4.768E+05  6.862E+02  6.056E+00 1.663E-17  852.0   852  4.415E+05  1.070E-03  1.522E+05  2.191E+04   74.2   72.5    4.0    6.0    6.0    7.0   12.0    3.4    4.2
2008  1  1   1 12.00  645.0  -25.0  125.0  4.353E+05  5.850E+02  5.047E+00 1.542E-17  852.0   852  4.315E+05  8.521E-04  1.514E+05  2.023E+04   74.2   72.5    4.0    6.0    6.0    7.0   12.0    3.4    4.2
2008  1  1   1 12.00  650.0  -25.0  125.0  3.975E+05  4.988E+02  4.207E+00 1.430E-17  852.0   852  4.218E+05  6.789E-04  1.505E+05  1.868E+04   74.2   72.5    4.0    6.0    6.0    7.0   12.0    3.4    4.2
2008  1  1   1 12.00  655.0  -25.0  125.0  3.629E+05  4.255E+02  3.508E+00 1.328E-17  852.0   852  4.123E+05  5.411E-04  1.497E+05  1.726E+04   74.2   72.5    4.0    6.0    6.0    7.0   12.0    3.4    4.2
2008  1  1   1 12.00  660.0  -25.0  125.0  3.314E+05  3.630E+02  2.926E+00 1.234E-17  852.0   852  4.031E+05  4.314E-04  1.488E+05  1.594E+04   74.2   72.5    4.0    6.0    6.0    7.0   12.0    3.4    4.2
2008  1  1   1 12.00  665.0  -25.0  125.0  3.027E+05  3.097E+02  2.441E+00 1.148E-17  852.0   852  3.941E+05  3.441E-04  1.480E+05  1.472E+04   74.2   72.5    4.0    6.0    6.0    7.0   12.0    3.4    4.2
2008  1  1   1 12.00  670.0  -25.0  125.0  2.765E+05  2.643E+02  2.037E+00 1.070E-17  852.0   852  3.853E+05  2.745E-04  1.471E+05  1.360E+04   74.2   72.5    4.0    6.0    6.0    7.0   12.0    3.4    4.2
2008  1  1   1 12.00  675.0  -25.0  125.0  2.527E+05  2.257E+02  1.700E+00 9.975E-18  852.0   852  3.766E+05  2.191E-04  1.463E+05  1.257E+04   74.2   72.5    4.0    6.0    6.0    7.0   12.0    3.4    4.2
2008  1  1   1 12.00  680.0  -25.0  125.0  2.309E+05  1.927E+02  1.419E+00 9.312E-18  852.0   852  3.682E+05  1.749E-04  1.455E+05  1.161E+04   74.2   72.5    4.0    6.0    6.0    7.0   12.0    3.4    4.2
2008  1  1   1 12.00  685.0  -25.0  125.0  2.110E+05  1.646E+02  1.185E+00 8.703E-18  852.0   852  3.600E+05  1.397E-04  1.447E+05  1.073E+04   74.2   72.5    4.0    6.0    6.0    7.0   12.0    3.4    4.2
2008  1  1   1 12.00  690.0  -25.0  125.0  1.928E+05  1.406E+02  9.902E-01 8.143E-18  852.0   852  3.520E+05  1.116E-04  1.439E+05  9.919E+03   74.2   72.5    4.0    6.0    6.0    7.0   12.0    3.4    4.2
2008  1  1   1 12.00  695.0  -25.0  125.0  1.763E+05  1.201E+02  8.274E-01 7.628E-18  852.0   852  3.442E+05  8.914E-05  1.431E+05  9.169E+03   74.2   72.5    4.0    6.0    6.0    7.0   12.0    3.4    4.2
2008  1  1   1 12.00  700.0  -25.0  125.0  1.611E+05  1.027E+02  6.915E-01 7.154E-18  852.0   852  3.366E+05  7.125E-05  1.423E+05  8.476E+03   74.2   72.5    4.0    6.0    6.0    7.0   12.0    3.4    4.2
2008  1  1   1 12.00  705.0  -25.0  125.0  1.473E+05  8.776E+01  5.781E-01 6.717E-18  852.0   852  3.291E+05  5.697E-05  1.415E+05  7.837E+03   74.2   72.5    4.0    6.0    6.0    7.0   12.0    3.4    4.2
2008  1  1   1 12.00  710.0  -25.0  125.0  1.347E+05  7.504E+01  4.834E-01 6.315E-18  852.0   852  3.219E+05  4.557E-05  1.407E+05  7.246E+03   74.2   72.5    4.0    6.0    6.0    7.0   12.0    3.4    4.2
2008  1  1   1 12.00  715.0  -25.0  125.0  1.232E+05  6.417E+01  4.043E-01 5.945E-18  852.0   852  3.147E+05  3.646E-05  1.399E+05  6.701E+03   74.2   72.5    4.0    6.0    6.0    7.0   12.0    3.4    4.2
2008  1  1   1 12.00  720.0  -25.0  125.0  1.127E+05  5.489E+01  3.382E-01 5.603E-18  852.0   852  3.078E+05  2.918E-05  1.391E+05  6.198E+03   74.2   72.5    4.0    6.0    6.0    7.0   12.0    3.4    4.2
2008  1  1   1 12.00  725.0  -25.0  125.0  1.031E+05  4.697E+01  2.830E-01 5.287E-18  852.0   852  3.010E+05  2.336E-05  1.383E+05  5.733E+03   74.2   72.5    4.0    6.0    6.0    7.0   12.0    3.4    4.2
2008  1  1   1 12.00  730.0  -25.0  125.0  9.431E+04  4.019E+01  2.369E-01 4.995E-18  852.0   852  2.944E+05  1.871E-05  1.376E+05  5.304E+03   74.2   72.5    4.0    6.0    6.0    7.0   12.0    3.4    4.2
2008  1  1   1 12.00  735.0  -25.0  125.0  8.630E+04  3.441E+01  1.984E-01 4.726E-18  852.0   852  2.879E+05  1.499E-05  1.368E+05  4.907E+03   74.2   72.5    4.0    6.0    6.0    7.0   12.0    3.4    4.2
2008  1  1   1 12.00  740.0  -25.0  125.0  7.897E+04  2.946E+01  1.661E-01 4.476E-18  852.0   852  2.816E+05  1.201E-05  1.361E+05  4.540E+03   74.2   72.5    4.0    6.0    6.0    7.0   12.0    3.4    4.2
2008  1  1   1 12.00  745.0  -25.0  125.0  7.228E+04  2.523E+01  1.391E-01 4.245E-18  852.0   852  2.755E+05  9.627E-06  1.353E+05  4.201E+03   74.2   72.5    4.0    6.0    6.0    7.0   12.0    3.4    4.2
