2000  1  1   1  6.00    0.0  -25.0   54.0  9.999E-38  1.934E+19  5.187E+18 1.191E-03  293.2  1041  1.288E+14  2.312E+17  9.999E-38  9.999E-38  125.8  160.6   30.1   56.0   56.0   39.0   22.0   29.5    5.9
2000  1  1   1  6.00    5.0  -25.0   54.0  9.999E-38  1.147E+19  3.076E+18 7.062E-04  270.8  1041  7.640E+13  1.371E+17  9.999E-38  9.999E-38  125.8  160.6   30.1   56.0   56.0   39.0   22.0   29.5    5.9
2000  1  1   1  6.00   10.0  -25.0   54.0  9.999E-38  6.703E+18  1.797E+18 4.126E-04  237.9  1041  4.464E+13  8.011E+16  9.999E-38  9.999E-38  125.8  160.6   30.1   56.0   56.0   39.0   22.0   29.5    5.9
2000  1  1   1  6.00   15.0  -25.0   54.0  9.999E-38  3.598E+18  9.648E+17 2.215E-04  203.6  1041  2.396E+13  4.300E+16  9.999E-38  9.999E-38  125.8  160.6   30.1   56.0   56.0   39.0   22.0   29.5    5.9
2000  1  1   1  6.00   20.0  -25.0   54.0  9.999E-38  1.549E+18  4.153E+17 9.535E-05  203.5  1041  1.031E+13  1.851E+16  9.999E-38  9.999E-38  125.8  160.6   30.1   56.0   56.0   39.0   22.0   29.5    5.9
2000  1  1   1  6.00   25.0  -25.0   54.0  9.999E-38  6.471E+17  1.735E+17 3.984E-05  218.0  1041  4.310E+12  7.734E+15  9.999E-38  9.999E-38  125.8  160.6   30.1   56.0   56.0   39.0   22.0   29.5    5.9
2000  1  1   1  6.00   30.0  -25.0   54.0  9.999E-38  2.911E+17  7.807E+16 1.792E-05  226.8  1041  1.939E+12  3.479E+15  9.999E-38  9.999E-38  125.8  160.6   30.1   56.0   56.0   39.0   22.0   29.5    5.9
2000  1  1   1  6.00   35.0  -25.0   54.0  9.999E-38  1.341E+17  3.595E+16 8.253E-06  237.9  1041  8.929E+11  1.602E+15  9.999E-38  9.999E-38  125.8  160.6   30.1   56.0   56.0   39.0   22.0   29.5    5.9
2000  1  1   1  6.00   40.0  -25.0   54.0  9.999E-38  6.381E+16  1.711E+16 3.928E-06  250.7  1041  4.249E+11  7.626E+14  9.999E-38  9.999E-38  125.8  160.6   30.1   56.0   56.0   39.0   22.0   29.5    5.9
2000  1  1   1  6.00   45.0  -25.0   54.0  9.999E-38  3.179E+16  8.525E+15 1.957E-06  261.1  1041  2.117E+11  3.800E+14  9.999E-38  9.999E-38  125.8  160.6   30.1   56.0   56.0   39.0   22.0   29.5    5.9
2000  1  1   1  6.00   50.0  -25.0   54.0  9.999E-38  1.677E+16  4.496E+15 1.032E-06  260.5  1041  1.117E+11  2.004E+14  9.999E-38  9.999E-38  125.8  160.6   30.1   56.0   56.0   39.0   22.0   29.5    5.9
2000  1  1   1  6.00   55.0  -25.0   54.0  6.625E+09  8.995E+15  2.412E+15 5.537E-07  253.0  1041  5.990E+10  1.075E+14  9.999E-38  9.999E-38  125.8  160.6   30.1   56.0   56.0   39.0   22.0   29.5    5.9
2000  1  1   1  6.00   60.0  -25.0   54.0  7.388E+09  4.797E+15  1.286E+15 2.953E-07  240.9  1041  3.195E+10  5.733E+13  9.999E-38  9.999E-38  125.8  160.6   30.1   56.0   56.0   39.0   22.0   29.5    5.9
2000  1  1   1  6.00   65.0  -25.0   54.0  7.038E+09  2.496E+15  6.693E+14 1.536E-07  226.5  1041  1.662E+10  2.983E+13  9.999E-38  9.999E-38  125.8  160.6   30.1   56.0   56.0   39.0   22.0   29.5    5.9
2000  1  1   1  6.00   70.0  -25.0   54.0  6.252E+09  1.244E+15  3.335E+14 7.657E-08  211.9  1041  8.283E+09  1.486E+13  9.999E-38  9.999E-38  125.8  160.6   30.1   56.0   56.0   39.0   22.0   29.5    5.9
2000  1  1   1  6.00   75.0  -25.0   54.0  5.980E+09  5.795E+14  1.554E+14 3.567E-08  203.5  1041  3.859E+09  6.926E+12  9.999E-38  9.999E-38  125.8  160.6   30.1   56.0   56.0   39.0   22.0   29.5    5.9
2000  1  1   1  6.00   80.0  -25.0   54.0  5.311E+09  2.640E+14  7.080E+13 1.625E-08  193.0  1041  1.782E+09  3.156E+12  2.228E+08  9.999E-38  125.8  160.6   30.1   56.0   56.0   39.0   22.0   29.5    5.9
2000  1  1   1  6.00   85.0  -25.0   54.0  4.361E+10  1.128E+14  3.021E+13 6.941E-09  189.0  1041  8.045E+08  1.347E+12  1.961E+08  9.999E-38  125.8  160.6   30.1   56.0   56.0   39.0   22.0   29.5    5.9
2000  1  1   1  6.00   90.0  -25.0   54.0  3.249E+11  4.811E+13  1.276E+13 2.962E-09  182.9  1041  3.880E+08  5.661E+11  1.113E+08  9.999E-38  125.8  160.6   30.1   56.0   56.0   39.0   22.0   29.5    5.9
2000  1  1   1  6.00   95.0  -25.0   54.0  7.431E+11  2.004E+13  5.144E+12 1.240E-09  176.9  1041  2.093E+08  2.253E+11  6.356E+07  4.126E+04  125.8  160.6   30.1   56.0   56.0   39.0   22.0   29.5    5.9
2000  1  1   1  6.00  100.0  -25.0   54.0  5.702E+11  7.871E+12  1.885E+12 4.868E-10  180.9  1041  1.225E+08  8.022E+10  3.561E+07  7.645E+04  125.8  160.6   30.1   56.0   56.0   39.0   22.0   29.5    5.9
2000  1  1   1  6.00  105.0  -25.0   54.0  2.425E+11  3.009E+12  6.442E+11 1.824E-10  201.3  1041  7.760E+07  2.625E+10  1.935E+07  1.308E+05  125.8  160.6   30.1   56.0   56.0   39.0   22.0   29.5    5.9
2000  1  1   1  6.00  110.0  -25.0   54.0  1.269E+11  1.176E+12  2.191E+11 7.029E-11  249.4  1041  5.127E+07  8.697E+09  1.025E+07  2.138E+05  125.8  160.6   30.1   56.0   56.0   39.0   22.0   29.5    5.9
2000  1  1   1  6.00  115.0  -25.0   54.0  7.587E+10  5.106E+11  8.223E+10 3.035E-11  327.1  1041  3.445E+07  3.262E+09  5.399E+06  3.456E+05  125.8  160.6   30.1   56.0   56.0   39.0   22.0   29.5    5.9
2000  1  1   1  6.00  120.0  -25.0   54.0  5.118E+10  2.650E+11  3.703E+10 1.575E-11  408.1  1041  2.545E+07  1.491E+09  3.141E+06  5.814E+05  125.8  160.6   30.1   56.0   56.0   39.0   22.0   29.5    5.9
2000  1  1   1  6.00  125.0  -25.0   54.0  3.800E+10  1.591E+11  1.944E+10 9.496E-12  473.9  1041  2.049E+07  7.963E+08  2.039E+06  9.916E+05  125.8  160.6   30.1   56.0   56.0   39.0   22.0   29.5    5.9
2000  1  1   1  6.00  130.0  -25.0   54.0  2.945E+10  1.036E+11  1.118E+10 6.228E-12  530.1  1041  1.726E+07  4.664E+08  1.408E+06  1.622E+06  125.8  160.6   30.1   56.0   56.0   39.0   22.0   29.5    5.9
2000  1  1   1  6.00  135.0  -25.0   54.0  2.339E+10  7.113E+10  6.835E+09 4.313E-12  580.7  1041  1.493E+07  2.898E+08  1.014E+06  2.512E+06  125.8  160.6   30.1   56.0   56.0   39.0   22.0   29.5    5.9
2000  1  1   1  6.00  140.0  -25.0   54.0  1.898E+10  5.076E+10  4.379E+09 3.111E-12  626.2  1041  1.317E+07  1.881E+08  7.543E+05  3.692E+06  125.8  160.6   30.1   56.0   56.0   39.0   22.0   29.5    5.9
2000  1  1   1  6.00  145.0  -25.0   54.0  1.568E+10  3.733E+10  2.915E+09 2.317E-12  667.1  1041  1.180E+07  1.263E+08  5.768E+05  5.170E+06  125.8  160.6   30.1   56.0   56.0   39.0   22.0   29.5    5.9
2000  1  1   1  6.00  150.0  -25.0   54.0  1.313E+10  2.812E+10  2.003E+09 1.769E-12  704.0  1041  1.071E+07  8.731E+07  4.517E+05  6.900E+06  125.8  160.6   30.1   56.0   56.0   39.0   22.0   29.5    5.9
2000  1  1   1  6.00  155.0  -25.0   54.0  1.112E+10  2.159E+10  1.414E+09 1.379E-12  737.1  1041  9.816E+06  6.174E+07  3.615E+05  8.794E+06  125.8  160.6   30.1   56.0   56.0   39.0   22.0   29.5    5.9
2000  1  1   1  6.00  160.0  -25.0   54.0  9.518E+09  1.684E+10  1.022E+09 1.094E-12  767.0  1041  9.074E+06  4.447E+07  2.953E+05  1.073E+07  125.8  160.6   30.1   56.0   56.0   39.0   22.0   29.5    5.9
2000  1  1   1  6.00  165.0  -25.0   54.0  8.215E+09  1.331E+10  7.538E+08 8.799E-13  793.8  1041  8.449E+06  3.253E+07  2.459E+05  1.257E+07  125.8  160.6   30.1   56.0   56.0   39.0   22.0   29.5    5.9
2000  1  1   1  6.00  170.0  -25.0   54.0  7.143E+09  1.064E+10  5.659E+08 7.166E-13  818.0  1041  7.915E+06  2.410E+07  2.087E+05  1.418E+07  125.8  160.6   30.1   56.0   56.0   39.0   22.0   29.5    5.9
2000  1  1   1  6.00  175.0  -25.0   54.0  6.252E+09  8.580E+09  4.315E+08 5.898E-13  839.8  1041  7.455E+06  1.805E+07  1.802E+05  1.546E+07  125.8  160.6   30.1   56.0   56.0   39.0   22.0   29.5    5.9
2000  1  1   1  6.00  180.0  -25.0   54.0  5.503E+09  6.978E+09  3.335E+08 4.898E-13  859.5  1041  7.055E+06  1.364E+07  1.583E+05  1.637E+07  125.8  160.6   30.1   56.0   56.0   39.0   22.0   29.5    5.9
2000  1  1   1  6.00  185.0  -25.0   54.0  4.868E+09  5.714E+09  2.608E+08 4.101E-13  877.1  1041  6.703E+06  1.039E+07  1.411E+05  1.689E+07  125.8  160.6   30.1   56.0   56.0   39.0   22.0   29.5    5.9
2000  1  1   1  6.00  190.0  -25.0   54.0  4.325E+09  4.708E+09  2.061E+08 3.458E-13  893.1  1041  6.391E+06  7.968E+06  1.276E+05  1.706E+07  125.8  160.6   30.1   56.0   56.0   39.0   22.0   29.5    5.9
2000  1  1   1  6.00  195.0  -25.0   54.0  3.858E+09  3.899E+09  1.642E+08 2.934E-13  907.4  1041  6.114E+06  6.149E+06  1.169E+05  1.691E+07  125.8  160.6   30.1   56.0   56.0   39.0   22.0   29.5    5.9
2000  1  1   1  6.00  200.0  -25.0   54.0  3.452E+09  3.244E+09  1.319E+08 2.504E-13  920.4  1041  5.864E+06  4.770E+06  1.082E+05  1.652E+07  125.8  160.6   30.1   56.0   56.0   39.0   22.0   29.5    5.9
2000  1  1   1  6.00  205.0  -25.0   54.0  3.099E+09  2.710E+09  1.067E+08 2.147E-13  932.1  1041  5.638E+06  3.718E+06  1.012E+05  1.595E+07  125.8  160.6   30.1   56.0   56.0   39.0   22.0   29.5    5.9
2000  1  1   1  6.00  210.0  -25.0   54.0  2.789E+09  2.272E+09  8.672E+07 1.850E-13  942.6  1041  5.432E+06  2.910E+06  9.554E+04  1.525E+07  125.8  160.6   30.1   56.0   56.0   39.0   22.0   29.5    5.9
2000  1  1   1  6.00  215.0  -25.0   54.0  2.516E+09  1.911E+09  7.086E+07 1.600E-13  952.1  1041  5.244E+06  2.286E+06  9.085E+04  1.447E+07  125.8  160.6   30.1   56.0   56.0   39.0   22.0   29.5    5.9
2000  1  1   1  6.00  220.0  -25.0   54.0  2.274E+09  1.612E+09  5.815E+07 1.390E-13  960.6  1041  5.070E+06  1.802E+06  8.695E+04  1.364E+07  125.8  160.6   30.1   56.0   56.0   39.0   22.0   29.5    5.9
2000  1  1   1  6.00  225.0  -25.0   54.0  2.059E+09  1.364E+09  4.790E+07 1.211E-13  968.3  1041  4.909E+06  1.425E+06  8.370E+04  1.281E+07  125.8  160.6   30.1   56.0   56.0   39.0   22.0   29.5    5.9
2000  1  1   1  6.00  230.0  -25.0   54.0  1.868E+09  1.156E+09  3.958E+07 1.059E-13  975.3  1041  4.760E+06  1.130E+06  8.095E+04  1.198E+07  125.8  160.6   30.1   56.0   56.0   39.0   22.0   29.5    5.9
2000  1  1   1  6.00  235.0  -25.0   54.0  1.697E+09  9.818E+08  3.280E+07 9.285E-14  981.6  1041  4.620E+06  8.980E+05  7.862E+04  1.118E+07  125.8  160.6   30.1   56.0   56.0   39.0   22.0   29.5    5.9
2000  1  1   1  6.00  240.0  -25.0   54.0  1.544E+09  8.354E+08  2.725E+07 8.165E-14  987.2  1041  4.488E+06  7.154E+05  7.663E+04  1.041E+07  125.8  160.6   30.1   56.0   56.0   39.0   22.0   29.5    5.9
2000  1  1   1  6.00  245.0  -25.0   54.0  1.406E+09  7.121E+08  2.269E+07 7.198E-14  992.4  1041  4.365E+06  5.711E+05  7.491E+04  9.685E+06  125.8  160.6   30.1   56.0   56.0   39.0   22.0   29.5    5.9
2000  1  1   1  6.00  250.0  -25.0   54.0  1.282E+09  6.079E+08  1.893E+07 6.361E-14  997.0  1041  4.248E+06  4.568E+05  7.341E+04  8.998E+06  125.8  160.6   30.1   56.0   56.0   39.0   22.0   29.5    5.9
2000  1  1   1  6.00  255.0  -25.0   54.0  1.170E+09  5.197E+08  1.582E+07 5.635E-14 1001.2  1041  4.137E+06  3.660E+05  7.210E+04  8.353E+06  125.8  160.6   30.1   56.0   56.0   39.0   22.0   29.5    5.9
2000  1  1   1  6.00  260.0  -25.0   54.0  1.069E+09  4.448E+08  1.324E+07 5.002E-14 1004.9  1041  4.031E+06  2.936E+05  7.095E+04  7.752E+06  125.8  160.6   30.1   56.0   56.0   39.0   22.0   29.5    5.9
2000  1  1   1  6.00  265.0  -25.0   54.0  9.773E+08  3.811E+08  1.110E+07 4.449E-14 1008.3  1041  3.931E+06  2.360E+05  6.992E+04  7.191E+06  125.8  160.6   30.1   56.0   56.0   39.0   22.0   29.5    5.9
2000  1  1   1  6.00  270.0  -25.0   54.0  8.941E+08  3.269E+08  9.313E+06 3.965E-14 1011.4  1041  3.834E+06  1.899E+05  6.900E+04  6.671E+06  125.8  160.6   30.1   56.0   56.0   39.0   22.0   29.5    5.9
2000  1  1   1  6.00  275.0  -25.0   54.0  8.186E+08  2.807E+08  7.825E+06 3.540E-14 1014.2  1041  3.742E+06  1.530E+05  6.817E+04  6.188E+06  125.8  160.6   30.1   56.0   56.0   39.0   22.0   29.5    5.9
2000  1  1   1  6.00  280.0  -25.0   54.0  7.499E+08  2.412E+08  6.581E+06 3.166E-14 1016.7  1041  3.654E+06  1.234E+05  6.741E+04  5.741E+06  125.8  160.6   30.1   56.0   56.0   39.0   22.0   29.5    5.9
2000  1  1   1  6.00  285.0  -25.0   54.0  6.874E+08  2.075E+08  5.541E+06 2.836E-14 1018.9  1041  3.568E+06  9.961E+04  6.672E+04  5.326E+06  125.8  160.6   30.1   56.0   56.0   39.0   22.0   29.5    5.9
2000  1  1   1  6.00  290.0  -25.0   54.0  6.305E+08  1.786E+08  4.669E+06 2.545E-14 1021.0  1041  3.486E+06  8.051E+04  6.608E+04  4.942E+06  125.8  160.6   30.1   56.0   56.0   39.0   22.0   29.5    5.9
2000  1  1   1  6.00  295.0  -25.0   54.0  5.785E+08  1.538E+08  3.938E+06 2.287E-14 1022.9  1041  3.407E+06  6.512E+04  6.549E+04  4.587E+06  125.8  160.6   30.1   56.0   56.0   39.0   22.0   29.5    5.9
2000  1  1   1  6.00  300.0  -25.0   54.0  5.310E+08  1.326E+08  3.323E+06 2.058E-14 1024.5  1041  3.331E+06  5.272E+04  6.494E+04  4.259E+06  125.8  160.6   30.1   56.0   56.0   39.0   22.0   29.5    5.9
2000  1  1   1  6.00  305.0  -25.0   54.0  4.877E+08  1.143E+08  2.807E+06 1.854E-14 1026.0  1041  3.257E+06  4.272E+04  6.442E+04  3.954E+06  125.8  160.6   30.1   56.0   56.0   39.0   22.0   29.5    5.9
2000  1  1   1  6.00  310.0  -25.0   54.0  4.480E+08  9.867E+07  2.372E+06 1.673E-14 1027.4  1041  3.185E+06  3.464E+04  6.392E+04  3.673E+06  125.8  160.6   30.1   56.0   56.0   39.0   22.0   29.5    5.9
2000  1  1   1  6.00  315.0  -25.0   54.0  4.118E+08  8.519E+07  2.006E+06 1.511E-14 1028.6  1041  3.115E+06  2.811E+04  6.346E+04  3.412E+06  125.8  160.6   30.1   56.0   56.0   39.0   22.0   29.5    5.9
2000  1  1   1  6.00  320.0  -25.0   54.0  3.786E+08  7.359E+07  1.697E+06 1.367E-14 1029.8  1041  3.048E+06  2.282E+04  6.301E+04  3.170E+06  125.8  160.6   30.1   56.0   56.0   39.0   22.0   29.5    5.9
2000  1  1   1  6.00  325.0  -25.0   54.0  3.481E+08  6.359E+07  1.437E+06 1.237E-14 1030.8  1041  2.982E+06  1.854E+04  6.258E+04  2.946E+06  125.8  160.6   30.1   56.0   56.0   39.0   22.0   29.5    5.9
2000  1  1   1  6.00  330.0  -25.0   54.0  3.203E+08  5.498E+07  1.217E+06 1.122E-14 1031.7  1041  2.919E+06  1.507E+04  6.217E+04  2.739E+06  125.8  160.6   30.1   56.0   56.0   39.0   22.0   29.5    5.9
2000  1  1   1  6.00  335.0  -25.0   54.0  2.947E+08  4.756E+07  1.031E+06 1.018E-14 1032.5  1041  2.857E+06  1.226E+04  6.177E+04  2.547E+06  125.8  160.6   30.1   56.0   56.0   39.0   22.0   29.5    5.9
2000  1  1   1  6.00  340.0  -25.0   54.0  2.712E+08  4.115E+07  8.741E+05 9.242E-15 1033.3  1041  2.797E+06  9.979E+03  6.139E+04  2.369E+06  125.8  160.6   30.1   56.0   56.0   39.0   22.0   29.5    5.9
2000  1  1   1  6.00  345.0  -25.0   54.0  2.497E+08  3.562E+07  7.413E+05 8.401E-15 1034.0  1041  2.738E+06  8.125E+03  6.102E+04  2.203E+06  125.8  160.6   30.1   56.0   56.0   39.0   22.0   29.5    5.9
2000  1  1   1  6.00  350.0  -25.0   54.0  2.300E+08  3.085E+07  6.290E+05 7.644E-15 1034.6  1041  2.681E+06  6.620E+03  6.065E+04  2.050E+06  125.8  160.6   30.1   56.0   56.0   39.0   22.0   29.5    5.9
2000  1  1   1  6.00  355.0  -25.0   54.0  2.118E+08  2.672E+07  5.339E+05 6.961E-15 1035.1  1041  2.625E+06  5.395E+03  6.030E+04  1.907E+06  125.8  160.6   30.1   56.0   56.0   39.0   22.0   29.5    5.9
2000  1  1   1  6.00  360.0  -25.0   54.0  1.951E+08  2.316E+07  4.534E+05 6.344E-15 1035.6  1041  2.571E+06  4.400E+03  5.995E+04  1.775E+06  125.8  160.6   30.1   56.0   56.0   39.0   22.0   29.5    5.9
2000  1  1   1  6.00  365.0  -25.0   54.0  1.798E+08  2.007E+07  3.851E+05 5.787E-15 1036.1  1041  2.518E+06  3.589E+03  5.961E+04  1.653E+06  125.8  160.6   30.1   56.0   56.0   39.0   22.0   29.5    5.9
2000  1  1   1  6.00  370.0  -25.0   54.0  1.657E+08  1.741E+07  3.273E+05 5.282E-15 1036.5  1041  2.467E+06  2.929E+03  5.928E+04  1.539E+06  125.8  160.6   30.1   56.0   56.0   39.0   22.0   29.5    5.9
2000  1  1   1  6.00  375.0  -25.0   54.0  1.528E+08  1.510E+07  2.782E+05 4.825E-15 1036.9  1041  2.416E+06  2.392E+03  5.895E+04  1.433E+06  125.8  160.6   30.1   56.0   56.0   39.0   22.0   29.5    5.9
2000  1  1   1  6.00  380.0  -25.0   54.0  1.408E+08  1.310E+07  2.365E+05 4.411E-15 1037.2  1041  2.367E+06  1.954E+03  5.863E+04  1.334E+06  125.8  160.6   30.1   56.0   56.0   39.0   22.0   29.5    5.9
2000  1  1   1  6.00  385.0  -25.0   54.0  1.299E+08  1.137E+07  2.012E+05 4.035E-15 1037.5  1041  2.319E+06  1.597E+03  5.831E+04  1.243E+06  125.8  160.6   30.1   56.0   56.0   39.0   22.0   29.5    5.9
2000  1  1   1  6.00  390.0  -25.0   54.0  1.198E+08  9.870E+06  1.712E+05 3.693E-15 1037.8  1041  2.272E+06  1.305E+03  5.800E+04  1.158E+06  125.8  160.6   30.1   56.0   56.0   39.0   22.0   29.5    5.9
2000  1  1   1  6.00  395.0  -25.0   54.0  1.105E+08  8.571E+06  1.457E+05 3.382E-15 1038.1  1041  2.226E+06  1.067E+03  5.769E+04  1.079E+06  125.8  160.6   30.1   56.0   56.0   39.0   22.0   29.5    5.9
2000  1  1   1  6.00  400.0  -25.0   54.0  1.019E+08  7.445E+06  1.241E+05 3.100E-15 1038.3  1041  2.182E+06  8.731E+02  5.739E+04  1.005E+06  125.8  160.6   30.1   56.0   56.0   39.0   22.0   29.5    5.9
2000  1  1   1  6.00  405.0  -25.0   54.0  9.407E+07  6.468E+06  1.057E+05 2.842E-15 1038.5  1041  2.138E+06  7.145E+02  5.709E+04  9.371E+05  125.8  160.6   30.1   56.0   56.0   39.0   22.0   29.5    5.9
2000  1  1   1  6.00  410.0  -25.0   54.0  8.682E+07  5.621E+06  9.000E+04 2.607E-15 1038.7  1041  2.095E+06  5.850E+02  5.679E+04  8.735E+05  125.8  160.6   30.1   56.0   56.0   39.0   22.0   29.5    5.9
2000  1  1   1  6.00  415.0  -25.0   54.0  8.013E+07  4.886E+06  7.669E+04 2.393E-15 1038.9  1041  2.053E+06  4.790E+02  5.650E+04  8.143E+05  125.8  160.6   30.1   56.0   56.0   39.0   22.0   29.5    5.9
2000  1  1   1  6.00  420.0  -25.0   54.0  7.398E+07  4.248E+06  6.537E+04 2.198E-15 1039.0  1041  2.012E+06  3.924E+02  5.621E+04  7.593E+05  125.8  160.6   30.1   56.0   56.0   39.0   22.0   29.5    5.9
2000  1  1   1  6.00  425.0  -25.0   54.0  6.830E+07  3.695E+06  5.573E+04 2.020E-15 1039.2  1041  1.972E+06  3.216E+02  5.592E+04  7.080E+05  125.8  160.6   30.1   56.0   56.0   39.0   22.0   29.5    5.9
2000  1  1   1  6.00  430.0  -25.0   54.0  6.307E+07  3.214E+06  4.753E+04 1.857E-15 1039.3  1041  1.933E+06  2.636E+02  5.563E+04  6.603E+05  125.8  160.6   30.1   56.0   56.0   39.0   22.0   29.5    5.9
2000  1  1   1  6.00  435.0  -25.0   54.0  5.825E+07  2.796E+06  4.055E+04 1.707E-15 1039.4  1041  1.895E+06  2.162E+02  5.535E+04  6.159E+05  125.8  160.6   30.1   56.0   56.0   39.0   22.0   29.5    5.9
2000  1  1   1  6.00  440.0  -25.0   54.0  5.380E+07  2.434E+06  3.460E+04 1.571E-15 1039.5  1041  1.858E+06  1.774E+02  5.507E+04  5.745E+05  125.8  160.6   30.1   56.0   56.0   39.0   22.0   29.5    5.9
2000  1  1   1  6.00  445.0  -25.0   54.0  4.970E+07  2.119E+06  2.953E+04 1.446E-15 1039.6  1041  1.821E+06  1.455E+02  5.479E+04  5.360E+05  125.8  160.6   30.1   56.0   56.0   39.0   22.0   29.5    5.9
2000  1  1   1  6.00  450.0  -25.0   54.0  4.592E+07  1.845E+06  2.521E+04 1.331E-15 1039.7  1041  1.785E+06  1.195E+02  5.452E+04  5.001E+05  125.8  160.6   30.1   56.0   56.0   39.0   22.0   29.5    5.9
2000  1  1   1  6.00  455.0  -25.0   54.0  4.243E+07  1.606E+06  2.153E+04 1.227E-15 1039.8  1041  1.750E+06  9.808E+01  5.425E+04  4.667E+05  125.8  160.6   30.1   56.0   56.0   39.0   22.0   29.5    5.9
2000  1  1   1  6.00  460.0  -25.0   54.0  3.922E+07  1.399E+06  1.839E+04 1.130E-15 1039.9  1041  1.716E+06  8.056E+01  5.398E+04  4.356E+05  125.8  160.6   30.1   56.0   56.0   39.0   22.0   29.5    5.9
2000  1  1   1  6.00  465.0  -25.0   54.0  3.625E+07  1.219E+06  1.571E+04 1.042E-15 1039.9  1041  1.683E+06  6.619E+01  5.371E+04  4.066E+05  125.8  160.6   30.1   56.0   56.0   39.0   22.0   29.5    5.9
2000  1  1   1  6.00  470.0  -25.0   54.0  3.351E+07  1.062E+06  1.342E+04 9.610E-16 1040.0  1041  1.650E+06  5.440E+01  5.344E+04  3.795E+05  125.8  160.6   30.1   56.0   56.0   39.0   22.0   29.5    5.9
2000  1  1   1  6.00  475.0  -25.0   54.0  3.098E+07  9.260E+05  1.147E+04 8.866E-16 1040.0  1041  1.618E+06  4.472E+01  5.318E+04  3.543E+05  125.8  160.6   30.1   56.0   56.0   39.0   22.0   29.5    5.9
2000  1  1   1  6.00  480.0  -25.0   54.0  2.864E+07  8.073E+05  9.810E+03 8.182E-16 1040.1  1041  1.586E+06  3.677E+01  5.292E+04  3.308E+05  125.8  160.6   30.1   56.0   56.0   39.0   22.0   29.5    5.9
2000  1  1   1  6.00  485.0  -25.0   54.0  2.649E+07  7.040E+05  8.389E+03 7.554E-16 1040.1  1041  1.555E+06  3.025E+01  5.266E+04  3.089E+05  125.8  160.6   30.1   56.0   56.0   39.0   22.0   29.5    5.9
2000  1  1   1  6.00  490.0  -25.0   54.0  2.450E+07  6.140E+05  7.176E+03 6.976E-16 1040.2  1041  1.525E+06  2.489E+01  5.240E+04  2.885E+05  125.8  160.6   30.1   56.0   56.0   39.0   22.0   29.5    5.9
2000  1  1   1  6.00  495.0  -25.0   54.0  2.266E+07  5.357E+05  6.140E+03 6.445E-16 1040.2  1041  1.496E+06  2.049E+01  5.214E+04  2.694E+05  125.8  160.6   30.1   56.0   56.0   39.0   22.0   29.5    5.9
2000  1  1   1  6.00  500.0  -25.0   54.0  2.096E+07  4.674E+05  5.254E+03 5.955E-16 1040.2  1041  1.467E+06  1.687E+01  5.189E+04  2.517E+05  125.8  160.6   30.1   56.0   56.0   39.0   22.0   29.5    5.9
2000  1  1   1  6.00  505.0  -25.0   54.0  1.939E+07  4.079E+05  4.498E+03 5.505E-16 1040.3  1041  1.439E+06  1.389E+01  5.163E+04  2.351E+05  125.8  160.6   30.1   56.0   56.0   39.0   22.0   29.5    5.9
2000  1  1   1  6.00  510.0  -25.0   54.0  1.794E+07  3.561E+05  3.851E+03 5.091E-16 1040.3  1041  1.411E+06  1.144E+01  5.138E+04  2.197E+05  125.8  160.6   30.1   56.0   56.0   39.0   22.0   29.5    5.9
2000  1  1   1  6.00  515.0  -25.0   54.0  1.661E+07  3.109E+05  3.298E+03 4.709E-16 1040.3  1041  1.384E+06  9.431E+00  5.113E+04  2.053E+05  125.8  160.6   30.1   56.0   56.0   39.0   22.0   29.5    5.9
2000  1  1   1  6.00  520.0  -25.0   54.0  1.537E+07  2.715E+05  2.825E+03 4.357E-16 1040.3  1041  1.357E+06  7.774E+00  5.088E+04  1.918E+05  125.8  160.6   30.1   56.0   56.0   39.0   22.0   29.5    5.9
2000  1  1   1  6.00  525.0  -25.0   54.0  1.423E+07  2.371E+05  2.420E+03 4.032E-16 1040.4  1041  1.331E+06  6.409E+00  5.064E+04  1.793E+05  125.8  160.6   30.1   56.0   56.0   39.0   22.0   29.5    5.9
2000  1  1   1  6.00  530.0  -25.0   54.0  1.317E+07  2.071E+05  2.074E+03 3.733E-16 1040.4  1041  1.306E+06  5.286E+00  5.039E+04  1.675E+05  125.8  160.6   30.1   56.0   56.0   39.0   22.0   29.5    5.9
2000  1  1   1  6.00  535.0  -25.0   54.0  1.219E+07  1.810E+05  1.778E+03 3.457E-16 1040.4  1041  1.281E+06  4.361E+00  5.015E+04  1.566E+05  125.8  160.6   30.1   56.0   56.0   39.0   22.0   29.5    5.9
2000  1  1   1  6.00  540.0  -25.0   54.0  1.129E+07  1.582E+05  1.524E+03 3.202E-16 1040.4  1041  1.257E+06  3.599E+00  4.991E+04  1.464E+05  125.8  160.6   30.1   56.0   56.0   39.0   22.0   29.5    5.9
2000  1  1   1  6.00  545.0  -25.0   54.0  1.045E+07  1.383E+05  1.307E+03 2.967E-16 1040.4  1041  1.233E+06  2.971E+00  4.967E+04  1.369E+05  125.8  160.6   30.1   56.0   56.0   39.0   22.0   29.5    5.9
2000  1  1   1  6.00  550.0  -25.0   54.0  9.682E+06  1.209E+05  1.121E+03 2.751E-16 1040.4  1041  1.209E+06  2.453E+00  4.943E+04  1.280E+05  125.8  160.6   30.1   56.0   56.0   39.0   22.0   29.5    5.9
2000  1  1   1  6.00  555.0  -25.0   54.0  8.968E+06  1.057E+05  9.621E+02 2.550E-16 1040.5  1041  1.186E+06  2.026E+00  4.919E+04  1.197E+05  125.8  160.6   30.1   56.0   56.0   39.0   22.0   29.5    5.9
2000  1  1   1  6.00  560.0  -25.0   54.0  8.308E+06  9.248E+04  8.257E+02 2.365E-16 1040.5  1041  1.164E+06  1.674E+00  4.896E+04  1.119E+05  125.8  160.6   30.1   56.0   56.0   39.0   22.0   29.5    5.9
2000  1  1   1  6.00  565.0  -25.0   54.0  7.697E+06  8.090E+04  7.087E+02 2.194E-16 1040.5  1041  1.142E+06  1.383E+00  4.873E+04  1.047E+05  125.8  160.6   30.1   56.0   56.0   39.0   22.0   29.5    5.9
2000  1  1   1  6.00  570.0  -25.0   54.0  7.132E+06  7.079E+04  6.084E+02 2.036E-16 1040.5  1041  1.120E+06  1.143E+00  4.849E+04  9.794E+04  125.8  160.6   30.1   56.0   56.0   39.0   22.0   29.5    5.9
2000  1  1   1  6.00  575.0  -25.0   54.0  6.609E+06  6.195E+04  5.225E+02 1.890E-16 1040.5  1041  1.099E+06  9.454E-01  4.826E+04  9.162E+04  125.8  160.6   30.1   56.0   56.0   39.0   22.0   29.5    5.9
2000  1  1   1  6.00  580.0  -25.0   54.0  6.125E+06  5.423E+04  4.488E+02 1.755E-16 1040.5  1041  1.078E+06  7.819E-01  4.803E+04  8.572E+04  125.8  160.6   30.1   56.0   56.0   39.0   22.0   29.5    5.9
2000  1  1   1  6.00  585.0  -25.0   54.0  5.677E+06  4.748E+04  3.856E+02 1.630E-16 1040.5  1041  1.058E+06  6.469E-01  4.781E+04  8.021E+04  125.8  160.6   30.1   56.0   56.0   39.0   22.0   29.5    5.9
2000  1  1   1  6.00  590.0  -25.0   54.0  5.263E+06  4.158E+04  3.313E+02 1.515E-16 1040.5  1041  1.038E+06  5.353E-01  4.758E+04  7.506E+04  125.8  160.6   30.1   56.0   56.0   39.0   22.0   29.5    5.9
2000  1  1   1  6.00  595.0  -25.0   54.0  4.879E+06  3.642E+04  2.848E+02 1.408E-16 1040.5  1041  1.019E+06  4.431E-01  4.735E+04  7.024E+04  125.8  160.6   30.1   56.0   56.0   39.0   22.0   29.5    5.9
2000  1  1   1  6.00  600.0  -25.0   54.0  4.524E+06  3.190E+04  2.448E+02 1.309E-16 1040.5  1041  9.996E+05  3.669E-01  4.713E+04  6.575E+04  125.8  160.6   30.1   56.0   56.0   39.0   22.0   29.5    5.9
2000  1  1   1  6.00  605.0  -25.0   54.0  4.195E+06  2.795E+04  2.105E+02 1.218E-16 1040.5  1041  9.809E+05  3.039E-01  4.691E+04  6.154E+04  125.8  160.6   30.1   56.0   56.0   39.0   22.0   29.5    5.9
2000  1  1   1  6.00  610.0  -25.0   54.0  3.890E+06  2.450E+04  1.810E+02 1.133E-16 1040.5  1041  9.626E+05  2.517E-01  4.669E+04  5.761E+04  125.8  160.6   30.1   56.0   56.0   39.0   22.0   29.5    5.9
2000  1  1   1  6.00  615.0  -25.0   54.0  3.608E+06  2.147E+04  1.557E+02 1.054E-16 1040.5  1041  9.447E+05  2.086E-01  4.647E+04  5.394E+04  125.8  160.6   30.1   56.0   56.0   39.0   22.0   29.5    5.9
2000  1  1   1  6.00  620.0  -25.0   54.0  3.347E+06  1.882E+04  1.340E+02 9.817E-17 1040.5  1041  9.271E+05  1.729E-01  4.625E+04  5.050E+04  125.8  160.6   30.1   56.0   56.0   39.0   22.0   29.5    5.9
2000  1  1   1  6.00  625.0  -25.0   54.0  3.105E+06  1.651E+04  1.153E+02 9.143E-17 1040.5  1041  9.098E+05  1.434E-01  4.603E+04  4.729E+04  125.8  160.6   30.1   56.0   56.0   39.0   22.0   29.5    5.9
2000  1  1   1  6.00  630.0  -25.0   54.0  2.881E+06  1.448E+04  9.927E+01 8.518E-17 1040.6  1041  8.929E+05  1.189E-01  4.582E+04  4.429E+04  125.8  160.6   30.1   56.0   56.0   39.0   22.0   29.5    5.9
2000  1  1   1  6.00  635.0  -25.0   54.0  2.673E+06  1.270E+04  8.547E+01 7.939E-17 1040.6  1041  8.764E+05  9.864E-02  4.561E+04  4.148E+04  125.8  160.6   30.1   56.0   56.0   39.0   22.0   29.5    5.9
2000  1  1   1  6.00  640.0  -25.0   54.0  2.480E+06  1.114E+04  7.361E+01 7.403E-17 1040.6  1041  8.602E+05  8.185E-02  4.539E+04  3.885E+04  125.8  160.6   30.1   56.0   56.0   39.0   22.0   29.5    5.9
2000  1  1   1  6.00  645.0  -25.0   54.0  2.302E+06  9.776E+03  6.340E+01 6.905E-17 1040.6  1041  8.443E+05  6.793E-02  4.518E+04  3.640E+04  125.8  160.6   30.1   56.0   56.0   39.0   22.0   29.5    5.9
2000  1  1   1  6.00  650.0  -25.0   54.0  2.137E+06  8.580E+03  5.462E+01 6.443E-17 1040.6  1041  8.287E+05  5.640E-02  4.497E+04  3.410E+04  125.8  160.6   30.1   56.0   56.0   39.0   22.0   29.5    5.9
2000  1  1   1  6.00  655.0  -25.0   54.0  1.984E+06  7.532E+03  4.707E+01 6.015E-17 1040.6  1041  8.134E+05  4.684E-02  4.476E+04  3.195E+04  125.8  160.6   30.1   56.0   56.0   39.0   22.0   29.5    5.9
2000  1  1   1  6.00  660.0  -25.0   54.0  1.842E+06  6.613E+03  4.057E+01 5.617E-17 1040.6  1041  7.984E+05  3.891E-02  4.456E+04  2.993E+04  125.8  160.6   30.1   56.0   56.0   39.0   22.0   29.5    5.9
2000  1  1   1  6.00  665.0  -25.0   54.0  1.710E+06  5.808E+03  3.498E+01 5.248E-17 1040.6  1041  7.838E+05  3.233E-02  4.435E+04  2.805E+04  125.8  160.6   30.1   56.0   56.0   39.0   22.0   29.5    5.9
2000  1  1   1  6.00  670.0  -25.0   54.0  1.588E+06  5.101E+03  3.016E+01 4.906E-17 1040.6  1041  7.694E+05  2.687E-02  4.414E+04  2.629E+04  125.8  160.6   30.1   56.0   56.0   39.0   22.0   29.5    5.9
2000  1  1   1  6.00  675.0  -25.0   54.0  1.475E+06  4.481E+03  2.601E+01 4.587E-17 1040.6  1041  7.553E+05  2.234E-02  4.394E+04  2.464E+04  125.8  160.6   30.1   56.0   56.0   39.0   22.0   29.5    5.9
2000  1  1   1  6.00  680.0  -25.0   54.0  1.370E+06  3.938E+03  2.244E+01 4.292E-17 1040.6  1041  7.415E+05  1.857E-02  4.374E+04  2.310E+04  125.8  160.6   30.1   56.0   56.0   39.0   22.0   29.5    5.9
2000  1  1   1  6.00  685.0  -25.0   54.0  1.272E+06  3.461E+03  1.936E+01 4.017E-17 1040.6  1041  7.279E+05  1.545E-02  4.354E+04  2.165E+04  125.8  160.6   30.1   56.0   56.0   39.0   22.0   29.5    5.9
2000  1  1   1  6.00  690.0  -25.0   54.0  1.182E+06  3.042E+03  1.671E+01 3.762E-17 1040.6  1041  7.146E+05  1.285E-02  4.334E+04  2.030E+04  125.8  160.6   30.1   56.0   56.0   39.0   22.0   29.5    5.9
2000  1  1   1  6.00  695.0  -25.0   54.0  1.098E+06  2.674E+03  1.442E+01 3.525E-17 1040.6  1041  7.016E+05  1.070E-02  4.314E+04  1.904E+04  125.8  160.6   30.1   56.0   56.0   39.0   22.0   29.5    5.9
2000  1  1   1  6.00  700.0  -25.0   54.0  1.020E+06  2.351E+03  1.245E+01 3.304E-17 1040.6  1041  6.888E+05  8.905E-03  4.294E+04  1.785E+04  125.8  160.6   30.1   56.0   56.0   39.0   22.0   29.5    5.9
2000  1  1   1  6.00  705.0  -25.0   54.0  9.481E+05  2.068E+03  1.075E+01 3.099E-17 1040.6  1041  6.763E+05  7.415E-03  4.274E+04  1.674E+04  125.8  160.6   30.1   56.0   56.0   39.0   22.0   29.5    5.9
2000  1  1   1  6.00  710.0  -25.0   54.0  8.811E+05  1.819E+03  9.288E+00 2.908E-17 1040.6  1041  6.640E+05  6.175E-03  4.255E+04  1.570E+04  125.8  160.6   30.1   56.0   56.0   39.0   22.0   29.5    5.9
2000  1  1   1  6.00  715.0  -25.0   54.0  8.190E+05  1.600E+03  8.024E+00 2.730E-17 1040.6  1041  6.520E+05  5.145E-03  4.235E+04  1.473E+04  125.8  160.6   30.1   56.0   56.0   39.0   22.0   29.5    5.9
2000  1  1   1  6.00  720.0  -25.0   54.0  7.613E+05  1.408E+03  6.933E+00 2.565E-17 1040.6  1041  6.402E+05  4.287E-03  4.216E+04  1.381E+04  125.8  160.6   30.1   56.0   56.0   39.0   22.0   29.5    5.9
2000  1  1   1  6.00  725.0  -25.0   54.0  7.077E+05  1.239E+03  5.992E+00 2.411E-17 1040.6  1041  6.286E+05  3.573E-03  4.197E+04  1.296E+04  125.8  160.6   30.1   56.0   56.0   39.0   22.0   29.5    5.9
2000  1  1   1  6.00  730.0  -25.0   54.0  6.580E+05  1.091E+03  5.180E+00 2.268E-17 1040.6  1041  6.173E+05  2.979E-03  4.178E+04  1.216E+04  125.8  160.6   30.1   56.0   56.0   39.0   22.0   29.5    5.9
2000  1  1   1  6.00  735.0  -25.0   54.0  6.119E+05  9.606E+02  4.479E+00 2.134E-17 1040.6  1041  6.062E+05  2.484E-03  4.159E+04  1.141E+04  125.8  160.6   30.1   56.0   56.0   39.0   22.0   29.5    5.9
2000  1  1   1  6.00  740.0  -25.0   54.0  5.690E+05  8.459E+02  3.873E+00 2.010E-17 1040.6  1041  5.953E+05  2.072E-03  4.140E+04  1.071E+04  125.8  160.6   30.1   56.0   56.0   39.0   22.0   29.5    5.9
2000  1  1   1  6.00  745.0  -25.0   54.0  5.292E+05  7.451E+02  3.350E+00 1.894E-17 1040.6  1041  5.846E+05  1.729E-03  4.121E+04  1.005E+04  125.8  160.6   30.1   56.0   56.0   39.0   22.0   29.5    5.9