2012  3 30  90  6.00    0.0   69.0   19.0  0.000E+00  2.151E+19  5.770E+18 1.323E-03  264.5  1027  1.443E+14  2.573E+17  0.000E+00  0.000E+00  111.2  113.5    4.5    5.0    7.0   12.0    9.0    2.2   20.0
2012  3 30  90  6.00    5.0   69.0   19.0  0.000E+00  1.205E+19  3.234E+18 7.416E-04  241.2  1027  8.089E+13  1.442E+17  0.000E+00  0.000E+00  111.2  113.5    4.5    5.0    7.0   12.0    9.0    2.2   20.0
2012  3 30  90  6.00   10.0   69.0   19.0  0.000E+00  6.290E+18  1.688E+18 3.870E-04  218.8  1027  4.221E+13  7.524E+16  0.000E+00  0.000E+00  111.2  113.5    4.5    5.0    7.0   12.0    9.0    2.2   20.0
2012  3 30  90  6.00   15.0   69.0   19.0  0.000E+00  2.889E+18  7.750E+17 1.777E-04  217.4  1027  1.939E+13  3.456E+16  0.000E+00  0.000E+00  111.2  113.5    4.5    5.0    7.0   12.0    9.0    2.2   20.0
2012  3 30  90  6.00   20.0   69.0   19.0  0.000E+00  1.329E+18  3.566E+17 8.179E-05  215.3  1027  8.922E+12  1.590E+16  0.000E+00  0.000E+00  111.2  113.5    4.5    5.0    7.0   12.0    9.0    2.2   20.0
2012  3 30  90  6.00   25.0   69.0   19.0  0.000E+00  6.030E+17  1.618E+17 3.710E-05  215.4  1027  4.046E+12  7.212E+15  0.000E+00  0.000E+00  111.2  113.5    4.5    5.0    7.0   12.0    9.0    2.2   20.0
2012  3 30  90  6.00   30.0   69.0   19.0  0.000E+00  2.694E+17  7.227E+16 1.657E-05  221.3  1027  1.808E+12  3.222E+15  0.000E+00  0.000E+00  111.2  113.5    4.5    5.0    7.0   12.0    9.0    2.2   20.0
2012  3 30  90  6.00   35.0   69.0   19.0  0.000E+00  1.205E+17  3.233E+16 7.413E-06  235.1  1027  8.086E+11  1.441E+15  0.000E+00  0.000E+00  111.2  113.5    4.5    5.0    7.0   12.0    9.0    2.2   20.0
2012  3 30  90  6.00   40.0   69.0   19.0  0.000E+00  5.604E+16  1.503E+16 3.448E-06  252.6  1027  3.761E+11  6.704E+14  0.000E+00  0.000E+00  111.2  113.5    4.5    5.0    7.0   12.0    9.0    2.2   20.0
2012  3 30  90  6.00   45.0   69.0   19.0  0.000E+00  2.787E+16  7.476E+15 1.715E-06  265.2  1027  1.870E+11  3.333E+14  0.000E+00  0.000E+00  111.2  113.5    4.5    5.0    7.0   12.0    9.0    2.2   20.0
2012  3 30  90  6.00   50.0   69.0   19.0  0.000E+00  1.482E+16  3.974E+15 9.115E-07  264.6  1027  9.942E+10  1.772E+14  0.000E+00  0.000E+00  111.2  113.5    4.5    5.0    7.0   12.0    9.0    2.2   20.0
2012  3 30  90  6.00   55.0   69.0   19.0  0.000E+00  8.024E+15  2.153E+15 4.937E-07  256.2  1027  5.385E+10  9.598E+13  0.000E+00  0.000E+00  111.2  113.5    4.5    5.0    7.0   12.0    9.0    2.2   20.0
2012  3 30  90  6.00   60.0   69.0   19.0  0.000E+00  4.268E+15  1.145E+15 2.626E-07  247.0  1027  2.864E+10  5.105E+13  0.000E+00  0.000E+00  111.2  113.5    4.5    5.0    7.0   12.0    9.0    2.2   20.0
2012  3 30  90  6.00   65.0   69.0   19.0  0.000E+00  2.222E+15  5.939E+14 1.366E-07  237.3  1027  1.495E+10  2.657E+13  0.000E+00  0.000E+00  111.2  113.5    4.5    5.0    7.0   12.0    9.0    2.2   20.0
2012  3 30  90  6.00   70.0   69.0   19.0  0.000E+00  1.132E+15  3.002E+14 6.946E-08  226.3  1027  7.655E+09  1.352E+13  0.000E+00  0.000E+00  111.2  113.5    4.5    5.0    7.0   12.0    9.0    2.2   20.0
2012  3 30  90  6.00   75.0   69.0   19.0  4.180E+07  5.597E+14  1.473E+14 3.428E-08  214.5  1027  3.811E+09  6.673E+12  3.347E-04  4.007E+04  111.2  113.5    4.5    5.0    7.0   12.0    9.0    2.2   20.0
2012  3 30  90  6.00   80.0   69.0   19.0  2.517E+09  2.629E+14  6.845E+13 1.606E-08  206.7  1027  1.819E+09  3.123E+12  2.248E+07  6.057E+04  111.2  113.5    4.5    5.0    7.0   12.0    9.0    2.2   20.0
2012  3 30  90  6.00   85.0   69.0   19.0  4.307E+10  1.198E+14  3.067E+13 7.292E-09  200.2  1027  8.579E+08  1.411E+12  1.059E+08  9.055E+04  111.2  113.5    4.5    5.0    7.0   12.0    9.0    2.2   20.0
2012  3 30  90  6.00   90.0   69.0   19.0  2.117E+11  5.363E+13  1.337E+13 3.250E-09  192.5  1027  4.135E+08  6.207E+11  6.182E+07  1.343E+05  111.2  113.5    4.5    5.0    7.0   12.0    9.0    2.2   20.0
2012  3 30  90  6.00   95.0   69.0   19.0  4.027E+11  2.335E+13  5.567E+12 1.409E-09  184.0  1027  2.098E+08  2.597E+11  3.286E+07  1.952E+05  111.2  113.5    4.5    5.0    7.0   12.0    9.0    2.2   20.0
2012  3 30  90  6.00  100.0   69.0   19.0  4.047E+11  9.516E+12  2.113E+12 5.718E-10  185.0  1027  1.145E+08  9.742E+10  1.907E+07  2.705E+05  111.2  113.5    4.5    5.0    7.0   12.0    9.0    2.2   20.0
2012  3 30  90  6.00  105.0   69.0   19.0  2.850E+11  3.700E+12  7.415E+11 2.211E-10  205.9  1027  6.984E+07  3.276E+10  1.192E+07  3.659E+05  111.2  113.5    4.5    5.0    7.0   12.0    9.0    2.2   20.0
2012  3 30  90  6.00  110.0   69.0   19.0  1.777E+11  1.507E+12  2.666E+11 8.969E-11  246.5  1027  4.806E+07  1.104E+10  7.774E+06  5.133E+05  111.2  113.5    4.5    5.0    7.0   12.0    9.0    2.2   20.0
2012  3 30  90  6.00  115.0   69.0   19.0  1.113E+11  6.871E+11  1.063E+11 4.081E-11  299.5  1027  3.629E+07  4.150E+09  5.197E+06  7.601E+05  111.2  113.5    4.5    5.0    7.0   12.0    9.0    2.2   20.0
2012  3 30  90  6.00  120.0   69.0   19.0  7.222E+10  3.499E+11  4.735E+10 2.082E-11  361.8  1027  2.900E+07  1.778E+09  3.522E+06  1.152E+06  111.2  113.5    4.5    5.0    7.0   12.0    9.0    2.2   20.0
2012  3 30  90  6.00  125.0   69.0   19.0  4.923E+10  1.972E+11  2.352E+10 1.178E-11  428.3   949  2.417E+07  8.626E+08  2.423E+06  1.751E+06  111.2  113.5    4.5    5.0    7.0   12.0    9.0    2.2   20.0
2012  3 30  90  6.00  130.0   69.0   19.0  3.561E+10  1.220E+11  1.299E+10 7.340E-12  489.1   949  2.096E+07  4.678E+08  1.712E+06  2.650E+06  111.2  113.5    4.5    5.0    7.0   12.0    9.0    2.2   20.0
2012  3 30  90  6.00  135.0   69.0   19.0  2.697E+10  8.084E+10  7.793E+09 4.906E-12  542.7   949  1.868E+07  2.739E+08  1.240E+06  3.910E+06  111.2  113.5    4.5    5.0    7.0   12.0    9.0    2.2   20.0
2012  3 30  90  6.00  140.0   69.0   19.0  2.112E+10  5.620E+10  4.983E+09 3.449E-12  589.9   949  1.697E+07  1.692E+08  9.206E+05  5.548E+06  111.2  113.5    4.5    5.0    7.0   12.0    9.0    2.2   20.0
2012  3 30  90  6.00  145.0   69.0   19.0  1.698E+10  4.051E+10  3.349E+09 2.519E-12  631.6   949  1.563E+07  1.089E+08  7.010E+05  7.525E+06  111.2  113.5    4.5    5.0    7.0   12.0    9.0    2.2   20.0
2012  3 30  90  6.00  150.0   69.0   19.0  1.394E+10  3.001E+10  2.342E+09 1.895E-12  668.4   949  1.455E+07  7.244E+07  5.480E+05  9.739E+06  111.2  113.5    4.5    5.0    7.0   12.0    9.0    2.2   20.0
2012  3 30  90  6.00  155.0   69.0   19.0  1.163E+10  2.273E+10  1.689E+09 1.459E-12  700.9   949  1.365E+07  4.947E+07  4.401E+05  1.204E+07  111.2  113.5    4.5    5.0    7.0   12.0    9.0    2.2   20.0
2012  3 30  90  6.00  160.0   69.0   19.0  9.834E+09  1.752E+10  1.248E+09 1.145E-12  729.6   949  1.289E+07  3.453E+07  3.629E+05  1.426E+07  111.2  113.5    4.5    5.0    7.0   12.0    9.0    2.2   20.0
2012  3 30  90  6.00  165.0   69.0   19.0  8.408E+09  1.370E+10  9.406E+08 9.120E-13  754.9   949  1.224E+07  2.454E+07  3.069E+05  1.624E+07  111.2  113.5    4.5    5.0    7.0   12.0    9.0    2.2   20.0
2012  3 30  90  6.00  170.0   69.0   19.0  7.254E+09  1.084E+10  7.197E+08 7.363E-13  777.3   949  1.166E+07  1.771E+07  2.657E+05  1.785E+07  111.2  113.5    4.5    5.0    7.0   12.0    9.0    2.2   20.0
2012  3 30  90  6.00  175.0   69.0   19.0  6.307E+09  8.659E+09  5.576E+08 6.010E-13  797.0   949  1.116E+07  1.295E+07  2.349E+05  1.902E+07  111.2  113.5    4.5    5.0    7.0   12.0    9.0    2.2   20.0
2012  3 30  90  6.00  180.0   69.0   19.0  5.519E+09  6.977E+09  4.365E+08 4.952E-13  814.5   949  1.070E+07  9.567E+06  2.116E+05  1.974E+07  111.2  113.5    4.5    5.0    7.0   12.0    9.0    2.2   20.0
2012  3 30  90  6.00  185.0   69.0   19.0  4.855E+09  5.662E+09  3.445E+08 4.114E-13  829.9   949  1.029E+07  7.135E+06  1.937E+05  2.001E+07  111.2  113.5    4.5    5.0    7.0   12.0    9.0    2.2   20.0
2012  3 30  90  6.00  190.0   69.0   19.0  4.291E+09  4.622E+09  2.738E+08 3.443E-13  843.6   949  9.919E+06  5.364E+06  1.798E+05  1.990E+07  111.2  113.5    4.5    5.0    7.0   12.0    9.0    2.2   20.0
2012  3 30  90  6.00  195.0   69.0   19.0  3.808E+09  3.793E+09  2.190E+08 2.899E-13  855.6   949  9.576E+06  4.060E+06  1.690E+05  1.947E+07  111.2  113.5    4.5    5.0    7.0   12.0    9.0    2.2   20.0
2012  3 30  90  6.00  200.0   69.0   19.0  3.391E+09  3.127E+09  1.760E+08 2.455E-13  866.3   949  9.259E+06  3.092E+06  1.603E+05  1.879E+07  111.2  113.5    4.5    5.0    7.0   12.0    9.0    2.2   20.0
2012  3 30  90  6.00  205.0   69.0   19.0  3.028E+09  2.588E+09  1.420E+08 2.089E-13  875.7   949  8.960E+06  2.366E+06  1.534E+05  1.794E+07  111.2  113.5    4.5    5.0    7.0   12.0    9.0    2.2   20.0
2012  3 30  90  6.00  210.0   69.0   19.0  2.712E+09  2.149E+09  1.150E+08 1.786E-13  884.0   949  8.686E+06  1.819E+06  1.477E+05  1.697E+07  111.2  113.5    4.5    5.0    7.0   12.0    9.0    2.2   20.0
2012  3 30  90  6.00  215.0   69.0   19.0  2.434E+09  1.790E+09  9.350E+07 1.533E-13  891.4   949  8.428E+06  1.404E+06  1.431E+05  1.593E+07  111.2  113.5    4.5    5.0    7.0   12.0    9.0    2.2   20.0
2012  3 30  90  6.00  220.0   69.0   19.0  2.188E+09  1.495E+09  7.620E+07 1.321E-13  898.0   949  8.185E+06  1.088E+06  1.393E+05  1.488E+07  111.2  113.5    4.5    5.0    7.0   12.0    9.0    2.2   20.0
2012  3 30  90  6.00  225.0   69.0   19.0  1.971E+09  1.251E+09  6.226E+07 1.142E-13  903.7   949  7.956E+06  8.450E+05  1.361E+05  1.383E+07  111.2  113.5    4.5    5.0    7.0   12.0    9.0    2.2   20.0
2012  3 30  90  6.00  230.0   69.0   19.0  1.778E+09  1.049E+09  5.099E+07 9.911E-14  908.8   949  7.737E+06  6.583E+05  1.334E+05  1.280E+07  111.2  113.5    4.5    5.0    7.0   12.0    9.0    2.2   20.0
2012  3 30  90  6.00  235.0   69.0   19.0  1.606E+09  8.819E+08  4.184E+07 8.623E-14  913.4   949  7.530E+06  5.141E+05  1.310E+05  1.183E+07  111.2  113.5    4.5    5.0    7.0   12.0    9.0    2.2   20.0
2012  3 30  90  6.00  240.0   69.0   19.0  1.453E+09  7.422E+08  3.439E+07 7.524E-14  917.4   949  7.331E+06  4.023E+05  1.290E+05  1.090E+07  111.2  113.5    4.5    5.0    7.0   12.0    9.0    2.2   20.0
2012  3 30  90  6.00  245.0   69.0   19.0  1.315E+09  6.256E+08  2.831E+07 6.582E-14  920.9   949  7.141E+06  3.156E+05  1.272E+05  1.003E+07  111.2  113.5    4.5    5.0    7.0   12.0    9.0    2.2   20.0
2012  3 30  90  6.00  250.0   69.0   19.0  1.192E+09  5.280E+08  2.334E+07 5.772E-14  924.1   949  6.959E+06  2.479E+05  1.257E+05  9.223E+06  111.2  113.5    4.5    5.0    7.0   12.0    9.0    2.2   20.0
2012  3 30  90  6.00  255.0   69.0   19.0  1.081E+09  4.462E+08  1.926E+07 5.073E-14  926.9   949  6.784E+06  1.950E+05  1.243E+05  8.474E+06  111.2  113.5    4.5    5.0    7.0   12.0    9.0    2.2   20.0
2012  3 30  90  6.00  260.0   69.0   19.0  9.815E+08  3.774E+08  1.592E+07 4.469E-14  929.3   949  6.615E+06  1.537E+05  1.230E+05  7.782E+06  111.2  113.5    4.5    5.0    7.0   12.0    9.0    2.2   20.0
2012  3 30  90  6.00  265.0   69.0   19.0  8.915E+08  3.196E+08  1.317E+07 3.945E-14  931.5   949  6.452E+06  1.212E+05  1.218E+05  7.145E+06  111.2  113.5    4.5    5.0    7.0   12.0    9.0    2.2   20.0
2012  3 30  90  6.00  270.0   69.0   19.0  8.103E+08  2.708E+08  1.090E+07 3.489E-14  933.5   949  6.295E+06  9.576E+04  1.207E+05  6.560E+06  111.2  113.5    4.5    5.0    7.0   12.0    9.0    2.2   20.0
2012  3 30  90  6.00  275.0   69.0   19.0  7.369E+08  2.297E+08  9.036E+06 3.092E-14  935.2   949  6.144E+06  7.572E+04  1.197E+05  6.024E+06  111.2  113.5    4.5    5.0    7.0   12.0    9.0    2.2   20.0
2012  3 30  90  6.00  280.0   69.0   19.0  6.706E+08  1.950E+08  7.494E+06 2.744E-14  936.7   949  5.997E+06  5.993E+04  1.188E+05  5.533E+06  111.2  113.5    4.5    5.0    7.0   12.0    9.0    2.2   20.0
2012  3 30  90  6.00  285.0   69.0   19.0  6.104E+08  1.656E+08  6.220E+06 2.440E-14  938.1   949  5.854E+06  4.748E+04  1.179E+05  5.083E+06  111.2  113.5    4.5    5.0    7.0   12.0    9.0    2.2   20.0
2012  3 30  90  6.00  290.0   69.0   19.0  5.559E+08  1.407E+08  5.166E+06 2.173E-14  939.3   949  5.716E+06  3.765E+04  1.170E+05  4.671E+06  111.2  113.5    4.5    5.0    7.0   12.0    9.0    2.2   20.0
2012  3 30  90  6.00  295.0   69.0   19.0  5.065E+08  1.197E+08  4.294E+06 1.938E-14  940.3   949  5.583E+06  2.988E+04  1.162E+05  4.294E+06  111.2  113.5    4.5    5.0    7.0   12.0    9.0    2.2   20.0
2012  3 30  90  6.00  300.0   69.0   19.0  4.617E+08  1.018E+08  3.571E+06 1.731E-14  941.3   949  5.453E+06  2.373E+04  1.154E+05  3.949E+06  111.2  113.5    4.5    5.0    7.0   12.0    9.0    2.2   20.0