2008  1  1   1  0.00    0.0  -25.0  125.0  9.999E-38  1.920E+19  5.150E+18 1.182E-03  295.3   730  1.279E+14  2.295E+17  9.999E-38  9.999E-38   74.2   72.5    4.0    3.0    3.0    4.0    3.0    6.0    3.1
2008  1  1   1  0.00    5.0  -25.0  125.0  9.999E-38  1.149E+19  3.081E+18 7.073E-04  270.4   730  7.652E+13  1.373E+17  9.999E-38  9.999E-38   74.2   72.5    4.0    3.0    3.0    4.0    3.0    6.0    3.1
2008  1  1   1  0.00   10.0  -25.0  125.0  9.999E-38  6.703E+18  1.797E+18 4.126E-04  237.8   730  4.464E+13  8.011E+16  9.999E-38  9.999E-38   74.2   72.5    4.0    3.0    3.0    4.0    3.0    6.0    3.1
2008  1  1   1  0.00   15.0  -25.0  125.0  9.999E-38  3.593E+18  9.635E+17 2.212E-04  203.8   730  2.393E+13  4.294E+16  9.999E-38  9.999E-38   74.2   72.5    4.0    3.0    3.0    4.0    3.0    6.0    3.1
2008  1  1   1  0.00   20.0  -25.0  125.0  9.999E-38  1.549E+18  4.155E+17 9.538E-05  203.5   730  1.032E+13  1.852E+16  9.999E-38  9.999E-38   74.2   72.5    4.0    3.0    3.0    4.0    3.0    6.0    3.1
2008  1  1   1  0.00   25.0  -25.0  125.0  9.999E-38  6.471E+17  1.735E+17 3.983E-05  218.0   730  4.309E+12  7.733E+15  9.999E-38  9.999E-38   74.2   72.5    4.0    3.0    3.0    4.0    3.0    6.0    3.1
2008  1  1   1  0.00   30.0  -25.0  125.0  9.999E-38  2.911E+17  7.807E+16 1.792E-05  226.7   730  1.939E+12  3.479E+15  9.999E-38  9.999E-38   74.2   72.5    4.0    3.0    3.0    4.0    3.0    6.0    3.1
2008  1  1   1  0.00   35.0  -25.0  125.0  9.999E-38  1.336E+17  3.582E+16 8.222E-06  239.1   730  8.895E+11  1.596E+15  9.999E-38  9.999E-38   74.2   72.5    4.0    3.0    3.0    4.0    3.0    6.0    3.1
2008  1  1   1  0.00   40.0  -25.0  125.0  9.999E-38  6.385E+16  1.712E+16 3.930E-06  251.7   730  4.252E+11  7.631E+14  9.999E-38  9.999E-38   74.2   72.5    4.0    3.0    3.0    4.0    3.0    6.0    3.1
2008  1  1   1  0.00   45.0  -25.0  125.0  9.999E-38  3.161E+16  8.476E+15 1.946E-06  265.3   730  2.105E+11  3.777E+14  9.999E-38  9.999E-38   74.2   72.5    4.0    3.0    3.0    4.0    3.0    6.0    3.1
2008  1  1   1  0.00   50.0  -25.0  125.0  9.999E-38  1.677E+16  4.497E+15 1.032E-06  266.8   730  1.117E+11  2.004E+14  9.999E-38  9.999E-38   74.2   72.5    4.0    3.0    3.0    4.0    3.0    6.0    3.1
2008  1  1   1  0.00   55.0  -25.0  125.0  4.804E+07  9.220E+15  2.472E+15 5.676E-07  255.6   730  6.140E+10  1.102E+14  9.999E-38  9.999E-38   74.2   72.5    4.0    3.0    3.0    4.0    3.0    6.0    3.1
2008  1  1   1  0.00   60.0  -25.0  125.0  4.056E+07  4.963E+15  1.331E+15 3.055E-07  242.5   730  3.305E+10  5.932E+13  9.999E-38  9.999E-38   74.2   72.5    4.0    3.0    3.0    4.0    3.0    6.0    3.1
2008  1  1   1  0.00   65.0  -25.0  125.0  4.691E+07  2.612E+15  7.003E+14 1.608E-07  225.6   730  1.739E+10  3.121E+13  9.999E-38  9.999E-38   74.2   72.5    4.0    3.0    3.0    4.0    3.0    6.0    3.1
2008  1  1   1  0.00   70.0  -25.0  125.0  8.735E+07  1.295E+15  3.473E+14 7.973E-08  211.4   730  8.626E+09  1.548E+13  9.999E-38  9.999E-38   74.2   72.5    4.0    3.0    3.0    4.0    3.0    6.0    3.1
2008  1  1   1  0.00   75.0  -25.0  125.0  2.098E+08  6.012E+14  1.612E+14 3.701E-08  203.8   730  4.003E+09  7.185E+12  9.999E-38  9.999E-38   74.2   72.5    4.0    3.0    3.0    4.0    3.0    6.0    3.1
2008  1  1   1  0.00   80.0  -25.0  125.0  1.747E+09  2.708E+14  7.263E+13 1.667E-08  197.2   730  1.828E+09  3.237E+12  1.657E+08  9.999E-38   74.2   72.5    4.0    3.0    3.0    4.0    3.0    6.0    3.1
2008  1  1   1  0.00   85.0  -25.0  125.0  8.698E+10  1.180E+14  3.163E+13 7.267E-09  192.8   730  8.406E+08  1.410E+12  2.334E+08  9.999E-38   74.2   72.5    4.0    3.0    3.0    4.0    3.0    6.0    3.1
2008  1  1   1  0.00   90.0  -25.0  125.0  4.438E+11  4.983E+13  1.324E+13 3.072E-09  194.7   730  3.977E+08  5.865E+11  1.427E+08  9.999E-38   74.2   72.5    4.0    3.0    3.0    4.0    3.0    6.0    3.1
2008  1  1   1  0.00   95.0  -25.0  125.0  7.798E+11  2.178E+13  5.641E+12 1.350E-09  192.8   730  2.174E+08  2.452E+11  8.609E+07  4.173E+04   74.2   72.5    4.0    3.0    3.0    4.0    3.0    6.0    3.1
2008  1  1   1  0.00  100.0  -25.0  125.0  5.924E+11  9.682E+12  2.388E+12 5.996E-10  182.6   730  1.369E+08  9.852E+10  5.574E+07  8.693E+04   74.2   72.5    4.0    3.0    3.0    4.0    3.0    6.0    3.1
2008  1  1   1  0.00  105.0  -25.0  125.0  2.633E+11  3.939E+12  8.968E+11 2.401E-10  184.3   730  9.008E+07  3.352E+10  3.538E+07  1.587E+05   74.2   72.5    4.0    3.0    3.0    4.0    3.0    6.0    3.1
2008  1  1   1  0.00  110.0  -25.0  125.0  1.318E+11  1.492E+12  3.083E+11 8.998E-11  214.6   730  5.855E+07  1.029E+10  2.127E+07  2.561E+05   74.2   72.5    4.0    3.0    3.0    4.0    3.0    6.0    3.1
2008  1  1   1  0.00  115.0  -25.0  125.0  7.289E+10  6.021E+11  1.128E+11 3.616E-11  273.4   730  3.752E+07  3.390E+09  1.236E+07  3.943E+05   74.2   72.5    4.0    3.0    3.0    4.0    3.0    6.0    3.1
2008  1  1   1  0.00  120.0  -25.0  125.0  4.486E+10  2.840E+11  4.856E+10 1.707E-11  344.8   730  2.565E+07  1.333E+09  7.640E+06  6.168E+05   74.2   72.5    4.0    3.0    3.0    4.0    3.0    6.0    3.1
2008  1  1   1  0.00  125.0  -25.0  125.0  3.051E+10  1.552E+11  2.442E+10 9.369E-12  414.7   730  1.882E+07  6.178E+08  5.128E+06  9.732E+05   74.2   72.5    4.0    3.0    3.0    4.0    3.0    6.0    3.1
2008  1  1   1  0.00  130.0  -25.0  125.0  2.237E+10  9.508E+10  1.388E+10 5.777E-12  473.4   730  1.475E+07  3.268E+08  3.695E+06  1.512E+06   74.2   72.5    4.0    3.0    3.0    4.0    3.0    6.0    3.1
2008  1  1   1  0.00  135.0  -25.0  125.0  1.723E+10  6.282E+10  8.554E+09 3.847E-12  521.2   730  1.212E+07  1.886E+08  2.806E+06  2.271E+06   74.2   72.5    4.0    3.0    3.0    4.0    3.0    6.0    3.1
2008  1  1   1  0.00  140.0  -25.0  125.0  1.373E+10  4.365E+10  5.569E+09 2.699E-12  560.0   730  1.028E+07  1.153E+08  2.211E+06  3.275E+06   74.2   72.5    4.0    3.0    3.0    4.0    3.0    6.0    3.1
2008  1  1   1  0.00  145.0  -25.0  125.0  1.122E+10  3.143E+10  3.773E+09 1.966E-12  591.5   730  8.924E+06  7.341E+07  1.793E+06  4.526E+06   74.2   72.5    4.0    3.0    3.0    4.0    3.0    6.0    3.1
2008  1  1   1  0.00  150.0  -25.0  125.0  9.326E+09  2.322E+10  2.633E+09 1.471E-12  617.1   730  7.884E+06  4.826E+07  1.488E+06  5.981E+06   74.2   72.5    4.0    3.0    3.0    4.0    3.0    6.0    3.1
2008  1  1   1  0.00  155.0  -25.0  125.0  7.850E+09  1.748E+10  1.879E+09 1.124E-12  637.9   730  7.063E+06  3.250E+07  1.259E+06  7.557E+06   74.2   72.5    4.0    3.0    3.0    4.0    3.0    6.0    3.1
2008  1  1   1  0.00  160.0  -25.0  125.0  6.672E+09  1.336E+10  1.365E+09 8.729E-13  654.9   730  6.400E+06  2.229E+07  1.084E+06  9.144E+06   74.2   72.5    4.0    3.0    3.0    4.0    3.0    6.0    3.1
2008  1  1   1  0.00  165.0  -25.0  125.0  5.717E+09  1.032E+10  1.006E+09 6.869E-13  668.7   730  5.855E+06  1.552E+07  9.487E+05  1.062E+07   74.2   72.5    4.0    3.0    3.0    4.0    3.0    6.0    3.1
2008  1  1   1  0.00  170.0  -25.0  125.0  4.929E+09  8.050E+09  7.505E+08 5.463E-13  679.9   730  5.401E+06  1.092E+07  8.422E+05  1.187E+07   74.2   72.5    4.0    3.0    3.0    4.0    3.0    6.0    3.1
2008  1  1   1  0.00  175.0  -25.0  125.0  4.271E+09  6.322E+09  5.649E+08 4.384E-13  689.1   730  5.018E+06  7.762E+06  7.580E+05  1.282E+07   74.2   72.5    4.0    3.0    3.0    4.0    3.0    6.0    3.1
2008  1  1   1  0.00  180.0  -25.0  125.0  3.717E+09  4.993E+09  4.285E+08 3.545E-13  696.5   730  4.692E+06  5.557E+06  6.907E+05  1.343E+07   74.2   72.5    4.0    3.0    3.0    4.0    3.0    6.0    3.1
2008  1  1   1  0.00  185.0  -25.0  125.0  3.245E+09  3.962E+09  3.271E+08 2.885E-13  702.6   730  4.411E+06  4.002E+06  6.366E+05  1.369E+07   74.2   72.5    4.0    3.0    3.0    4.0    3.0    6.0    3.1
2008  1  1   1  0.00  190.0  -25.0  125.0  2.842E+09  3.155E+09  2.510E+08 2.361E-13  707.5   730  4.166E+06  2.897E+06  5.928E+05  1.364E+07   74.2   72.5    4.0    3.0    3.0    4.0    3.0    6.0    3.1
2008  1  1   1  0.00  195.0  -25.0  125.0  2.494E+09  2.520E+09  1.935E+08 1.943E-13  711.5   730  3.951E+06  2.105E+06  5.571E+05  1.333E+07   74.2   72.5    4.0    3.0    3.0    4.0    3.0    6.0    3.1
2008  1  1   1  0.00  200.0  -25.0  125.0  2.192E+09  2.019E+09  1.497E+08 1.605E-13  714.8   730  3.761E+06  1.535E+06  5.277E+05  1.282E+07   74.2   72.5    4.0    3.0    3.0    4.0    3.0    6.0    3.1
2008  1  1   1  0.00  205.0  -25.0  125.0  1.930E+09  1.620E+09  1.161E+08 1.332E-13  717.5   730  3.591E+06  1.123E+06  5.035E+05  1.217E+07   74.2   72.5    4.0    3.0    3.0    4.0    3.0    6.0    3.1
2008  1  1   1  0.00  210.0  -25.0  125.0  1.702E+09  1.302E+09  9.032E+07 1.109E-13  719.7   730  3.437E+06  8.229E+05  4.833E+05  1.144E+07   74.2   72.5    4.0    3.0    3.0    4.0    3.0    6.0    3.1
2008  1  1   1  0.00  215.0  -25.0  125.0  1.502E+09  1.049E+09  7.040E+07 9.274E-14  721.5   730  3.298E+06  6.045E+05  4.664E+05  1.065E+07   74.2   72.5    4.0    3.0    3.0    4.0    3.0    6.0    3.1
2008  1  1   1  0.00  220.0  -25.0  125.0  1.327E+09  8.453E+08  5.497E+07 7.779E-14  723.0   730  3.170E+06  4.447E+05  4.521E+05  9.848E+06   74.2   72.5    4.0    3.0    3.0    4.0    3.0    6.0    3.1
2008  1  1   1  0.00  225.0  -25.0  125.0  1.173E+09  6.822E+08  4.299E+07 6.545E-14  724.1   730  3.052E+06  3.277E+05  4.399E+05  9.058E+06   74.2   72.5    4.0    3.0    3.0    4.0    3.0    6.0    3.1
2008  1  1   1  0.00  230.0  -25.0  125.0  1.038E+09  5.511E+08  3.366E+07 5.524E-14  725.1   730  2.942E+06  2.418E+05  4.294E+05  8.295E+06   74.2   72.5    4.0    3.0    3.0    4.0    3.0    6.0    3.1
2008  1  1   1  0.00  235.0  -25.0  125.0  9.191E+08  4.456E+08  2.639E+07 4.675E-14  725.9   730  2.839E+06  1.786E+05  4.203E+05  7.569E+06   74.2   72.5    4.0    3.0    3.0    4.0    3.0    6.0    3.1
2008  1  1   1  0.00  240.0  -25.0  125.0  8.140E+08  3.605E+08  2.070E+07 3.968E-14  726.6   730  2.743E+06  1.321E+05  4.124E+05  6.889E+06   74.2   72.5    4.0    3.0    3.0    4.0    3.0    6.0    3.1
2008  1  1   1  0.00  245.0  -25.0  125.0  7.213E+08  2.918E+08  1.626E+07 3.377E-14  727.1   730  2.652E+06  9.773E+04  4.054E+05  6.257E+06   74.2   72.5    4.0    3.0    3.0    4.0    3.0    6.0    3.1
2008  1  1   1  0.00  250.0  -25.0  125.0  6.393E+08  2.364E+08  1.278E+07 2.882E-14  727.5   730  2.566E+06  7.238E+04  3.992E+05  5.673E+06   74.2   72.5    4.0    3.0    3.0    4.0    3.0    6.0    3.1
2008  1  1   1  0.00  255.0  -25.0  125.0  5.669E+08  1.916E+08  1.005E+07 2.465E-14  727.9   730  2.484E+06  5.365E+04  3.935E+05  5.137E+06   74.2   72.5    4.0    3.0    3.0    4.0    3.0    6.0    3.1
2008  1  1   1  0.00  260.0  -25.0  125.0  5.029E+08  1.554E+08  7.909E+06 2.114E-14  728.2   730  2.406E+06  3.979E+04  3.885E+05  4.648E+06   74.2   72.5    4.0    3.0    3.0    4.0    3.0    6.0    3.1
2008  1  1   1  0.00  265.0  -25.0  125.0  4.462E+08  1.261E+08  6.227E+06 1.817E-14  728.4   730  2.331E+06  2.953E+04  3.838E+05  4.202E+06   74.2   72.5    4.0    3.0    3.0    4.0    3.0    6.0    3.1
2008  1  1   1  0.00  270.0  -25.0  125.0  3.960E+08  1.023E+08  4.906E+06 1.565E-14  728.6   730  2.260E+06  2.193E+04  3.795E+05  3.796E+06   74.2   72.5    4.0    3.0    3.0    4.0    3.0    6.0    3.1
2008  1  1   1  0.00  275.0  -25.0  125.0  3.516E+08  8.308E+07  3.867E+06 1.351E-14  728.8   730  2.191E+06  1.630E+04  3.755E+05  3.429E+06   74.2   72.5    4.0    3.0    3.0    4.0    3.0    6.0    3.1
2008  1  1   1  0.00  280.0  -25.0  125.0  3.122E+08  6.749E+07  3.049E+06 1.168E-14  728.9   730  2.125E+06  1.212E+04  3.717E+05  3.096E+06   74.2   72.5    4.0    3.0    3.0    4.0    3.0    6.0    3.1
2008  1  1   1  0.00  285.0  -25.0  125.0  2.773E+08  5.484E+07  2.406E+06 1.013E-14  729.0   730  2.061E+06  9.015E+03  3.682E+05  2.795E+06   74.2   72.5    4.0    3.0    3.0    4.0    3.0    6.0    3.1
2008  1  1   1  0.00  290.0  -25.0  125.0  2.463E+08  4.458E+07  1.899E+06 8.793E-15  729.1   730  2.000E+06  6.710E+03  3.648E+05  2.523E+06   74.2   72.5    4.0    3.0    3.0    4.0    3.0    6.0    3.1
2008  1  1   1  0.00  295.0  -25.0  125.0  2.189E+08  3.626E+07  1.499E+06 7.649E-15  729.2   730  1.940E+06  4.996E+03  3.615E+05  2.277E+06   74.2   72.5    4.0    3.0    3.0    4.0    3.0    6.0    3.1
2008  1  1   1  0.00  300.0  -25.0  125.0  1.945E+08  2.949E+07  1.184E+06 6.665E-15  729.2   730  1.883E+06  3.722E+03  3.584E+05  2.055E+06   74.2   72.5    4.0    3.0    3.0    4.0    3.0    6.0    3.1
2008  1  1   1  0.00  305.0  -25.0  125.0  1.729E+08  2.400E+07  9.359E+05 5.817E-15  729.3   730  1.828E+06  2.775E+03  3.554E+05  1.855E+06   74.2   72.5    4.0    3.0    3.0    4.0    3.0    6.0    3.1
2008  1  1   1  0.00  310.0  -25.0  125.0  1.538E+08  1.954E+07  7.399E+05 5.085E-15  729.3   730  1.774E+06  2.069E+03  3.525E+05  1.675E+06   74.2   72.5    4.0    3.0    3.0    4.0    3.0    6.0    3.1
2008  1  1   1  0.00  315.0  -25.0  125.0  1.367E+08  1.591E+07  5.851E+05 4.451E-15  729.4   730  1.723E+06  1.544E+03  3.497E+05  1.512E+06   74.2   72.5    4.0    3.0    3.0    4.0    3.0    6.0    3.1
2008  1  1   1  0.00  320.0  -25.0  125.0  1.216E+08  1.296E+07  4.629E+05 3.902E-15  729.4   730  1.673E+06  1.152E+03  3.469E+05  1.365E+06   74.2   72.5    4.0    3.0    3.0    4.0    3.0    6.0    3.1
2008  1  1   1  0.00  325.0  -25.0  125.0  1.082E+08  1.056E+07  3.664E+05 3.425E-15  729.4   730  1.624E+06  8.605E+02  3.442E+05  1.232E+06   74.2   72.5    4.0    3.0    3.0    4.0    3.0    6.0    3.1
2008  1  1   1  0.00  330.0  -25.0  125.0  9.627E+07  8.607E+06  2.901E+05 3.010E-15  729.4   730  1.577E+06  6.429E+02  3.416E+05  1.113E+06   74.2   72.5    4.0    3.0    3.0    4.0    3.0    6.0    3.1
2008  1  1   1  0.00  335.0  -25.0  125.0  8.568E+07  7.018E+06  2.297E+05 2.649E-15  729.4   730  1.532E+06  4.805E+02  3.390E+05  1.005E+06   74.2   72.5    4.0    3.0    3.0    4.0    3.0    6.0    3.1
2008  1  1   1  0.00  340.0  -25.0  125.0  7.626E+07  5.724E+06  1.820E+05 2.334E-15  729.4   730  1.488E+06  3.593E+02  3.364E+05  9.075E+05   74.2   72.5    4.0    3.0    3.0    4.0    3.0    6.0    3.1
2008  1  1   1  0.00  345.0  -25.0  125.0  6.789E+07  4.670E+06  1.443E+05 2.058E-15  729.5   730  1.445E+06  2.688E+02  3.339E+05  8.198E+05   74.2   72.5    4.0    3.0    3.0    4.0    3.0    6.0    3.1
2008  1  1   1  0.00  350.0  -25.0  125.0  6.045E+07  3.811E+06  1.144E+05 1.817E-15  729.5   730  1.403E+06  2.012E+02  3.314E+05  7.407E+05   74.2   72.5    4.0    3.0    3.0    4.0    3.0    6.0    3.1
2008  1  1   1  0.00  355.0  -25.0  125.0  5.384E+07  3.111E+06  9.071E+04 1.605E-15  729.5   730  1.363E+06  1.506E+02  3.290E+05  6.692E+05   74.2   72.5    4.0    3.0    3.0    4.0    3.0    6.0    3.1
2008  1  1   1  0.00  360.0  -25.0  125.0  4.795E+07  2.541E+06  7.197E+04 1.419E-15  729.5   730  1.324E+06  1.128E+02  3.266E+05  6.048E+05   74.2   72.5    4.0    3.0    3.0    4.0    3.0    6.0    3.1
2008  1  1   1  0.00  365.0  -25.0  125.0  4.272E+07  2.075E+06  5.712E+04 1.256E-15  729.5   730  1.287E+06  8.456E+01  3.242E+05  5.466E+05   74.2   72.5    4.0    3.0    3.0    4.0    3.0    6.0    3.1
2008  1  1   1  0.00  370.0  -25.0  125.0  3.807E+07  1.696E+06  4.535E+04 1.113E-15  729.5   730  1.250E+06  6.340E+01  3.218E+05  4.941E+05   74.2   72.5    4.0    3.0    3.0    4.0    3.0    6.0    3.1
2008  1  1   1  0.00  375.0  -25.0  125.0  3.393E+07  1.386E+06  3.602E+04 9.867E-16  729.5   730  1.214E+06  4.755E+01  3.195E+05  4.468E+05   74.2   72.5    4.0    3.0    3.0    4.0    3.0    6.0    3.1
2008  1  1   1  0.00  380.0  -25.0  125.0  3.024E+07  1.133E+06  2.862E+04 8.754E-16  729.5   730  1.180E+06  3.568E+01  3.172E+05  4.040E+05   74.2   72.5    4.0    3.0    3.0    4.0    3.0    6.0    3.1
2008  1  1   1  0.00  385.0  -25.0  125.0  2.696E+07  9.268E+05  2.275E+04 7.772E-16  729.5   730  1.147E+06  2.679E+01  3.149E+05  3.653E+05   74.2   72.5    4.0    3.0    3.0    4.0    3.0    6.0    3.1
2008  1  1   1  0.00  390.0  -25.0  125.0  2.404E+07  7.582E+05  1.809E+04 6.905E-16  729.5   730  1.114E+06  2.012E+01  3.126E+05  3.304E+05   74.2   72.5    4.0    3.0    3.0    4.0    3.0    6.0    3.1
2008  1  1   1  0.00  395.0  -25.0  125.0  2.144E+07  6.205E+05  1.438E+04 6.139E-16  729.5   730  1.083E+06  1.512E+01  3.104E+05  2.989E+05   74.2   72.5    4.0    3.0    3.0    4.0    3.0    6.0    3.1
2008  1  1   1  0.00  400.0  -25.0  125.0  1.912E+07  5.079E+05  1.144E+04 5.461E-16  729.5   730  1.052E+06  1.136E+01  3.081E+05  2.705E+05   74.2   72.5    4.0    3.0    3.0    4.0    3.0    6.0    3.1
2008  1  1   1  0.00  405.0  -25.0  125.0  1.706E+07  4.159E+05  9.108E+03 4.861E-16  729.5   730  1.022E+06  8.544E+00  3.059E+05  2.447E+05   74.2   72.5    4.0    3.0    3.0    4.0    3.0    6.0    3.1
2008  1  1   1  0.00  410.0  -25.0  125.0  1.522E+07  3.407E+05  7.251E+03 4.330E-16  729.5   730  9.938E+05  6.428E+00  3.038E+05  2.215E+05   74.2   72.5    4.0    3.0    3.0    4.0    3.0    6.0    3.1
2008  1  1   1  0.00  415.0  -25.0  125.0  1.358E+07  2.791E+05  5.775E+03 3.859E-16  729.5   730  9.659E+05  4.838E+00  3.016E+05  2.005E+05   74.2   72.5    4.0    3.0    3.0    4.0    3.0    6.0    3.1
2008  1  1   1  0.00  420.0  -25.0  125.0  1.212E+07  2.287E+05  4.601E+03 3.441E-16  729.5   730  9.388E+05  3.643E+00  2.995E+05  1.815E+05   74.2   72.5    4.0    3.0    3.0    4.0    3.0    6.0    3.1
2008  1  1   1  0.00  425.0  -25.0  125.0  1.082E+07  1.875E+05  3.666E+03 3.070E-16  729.5   730  9.125E+05  2.744E+00  2.973E+05  1.643E+05   74.2   72.5    4.0    3.0    3.0    4.0    3.0    6.0    3.1
2008  1  1   1  0.00  430.0  -25.0  125.0  9.664E+06  1.538E+05  2.923E+03 2.740E-16  729.5   730  8.871E+05  2.068E+00  2.952E+05  1.488E+05   74.2   72.5    4.0    3.0    3.0    4.0    3.0    6.0    3.1
2008  1  1   1  0.00  435.0  -25.0  125.0  8.630E+06  1.261E+05  2.331E+03 2.448E-16  729.5   730  8.623E+05  1.559E+00  2.932E+05  1.348E+05   74.2   72.5    4.0    3.0    3.0    4.0    3.0    6.0    3.1
2008  1  1   1  0.00  440.0  -25.0  125.0  7.708E+06  1.035E+05  1.860E+03 2.187E-16  729.5   730  8.383E+05  1.176E+00  2.911E+05  1.221E+05   74.2   72.5    4.0    3.0    3.0    4.0    3.0    6.0    3.1
2008  1  1   1  0.00  445.0  -25.0  125.0  6.886E+06  8.495E+04  1.484E+03 1.956E-16  729.5   730  8.150E+05  8.870E-01  2.891E+05  1.106E+05   74.2   72.5    4.0    3.0    3.0    4.0    3.0    6.0    3.1
2008  1  1   1  0.00  450.0  -25.0  125.0  6.152E+06  6.974E+04  1.185E+03 1.750E-16  729.5   730  7.923E+05  6.696E-01  2.870E+05  1.002E+05   74.2   72.5    4.0    3.0    3.0    4.0    3.0    6.0    3.1
2008  1  1   1  0.00  455.0  -25.0  125.0  5.498E+06  5.728E+04  9.460E+02 1.567E-16  729.5   730  7.704E+05  5.056E-01  2.850E+05  9.082E+04   74.2   72.5    4.0    3.0    3.0    4.0    3.0    6.0    3.1
2008  1  1   1  0.00  460.0  -25.0  125.0  4.914E+06  4.705E+04  7.556E+02 1.403E-16  729.5   730  7.490E+05  3.820E-01  2.830E+05  8.232E+04   74.2   72.5    4.0    3.0    3.0    4.0    3.0    6.0    3.1
2008  1  1   1  0.00  465.0  -25.0  125.0  4.392E+06  3.866E+04  6.038E+02 1.258E-16  729.5   730  7.283E+05  2.887E-01  2.810E+05  7.462E+04   74.2   72.5    4.0    3.0    3.0    4.0    3.0    6.0    3.1
2008  1  1   1  0.00  470.0  -25.0  125.0  3.927E+06  3.178E+04  4.827E+02 1.128E-16  729.5   730  7.082E+05  2.183E-01  2.791E+05  6.765E+04   74.2   72.5    4.0    3.0    3.0    4.0    3.0    6.0    3.1
2008  1  1   1  0.00  475.0  -25.0  125.0  3.512E+06  2.613E+04  3.859E+02 1.012E-16  729.5   730  6.887E+05  1.651E-01  2.771E+05  6.134E+04   74.2   72.5    4.0    3.0    3.0    4.0    3.0    6.0    3.1
2008  1  1   1  0.00  480.0  -25.0  125.0  3.141E+06  2.149E+04  3.087E+02 9.088E-17  729.5   730  6.697E+05  1.249E-01  2.752E+05  5.563E+04   74.2   72.5    4.0    3.0    3.0    4.0    3.0    6.0    3.1
2008  1  1   1  0.00  485.0  -25.0  125.0  2.809E+06  1.768E+04  2.470E+02 8.166E-17  729.5   730  6.513E+05  9.457E-02  2.733E+05  5.046E+04   74.2   72.5    4.0    3.0    3.0    4.0    3.0    6.0    3.1
2008  1  1   1  0.00  490.0  -25.0  125.0  2.513E+06  1.455E+04  1.977E+02 7.342E-17  729.5   730  6.334E+05  7.162E-02  2.714E+05  4.577E+04   74.2   72.5    4.0    3.0    3.0    4.0    3.0    6.0    3.1
2008  1  1   1  0.00  495.0  -25.0  125.0  2.249E+06  1.197E+04  1.583E+02 6.606E-17  729.5   730  6.161E+05  5.426E-02  2.695E+05  4.153E+04   74.2   72.5    4.0    3.0    3.0    4.0    3.0    6.0    3.1
2008  1  1   1  0.00  500.0  -25.0  125.0  2.013E+06  9.859E+03  1.268E+02 5.948E-17  729.5   730  5.992E+05  4.113E-02  2.677E+05  3.768E+04   74.2   72.5    4.0    3.0    3.0    4.0    3.0    6.0    3.1
2008  1  1   1  0.00  505.0  -25.0  125.0  1.801E+06  8.120E+03  1.016E+02 5.360E-17  729.5   730  5.828E+05  3.118E-02  2.658E+05  3.420E+04   74.2   72.5    4.0    3.0    3.0    4.0    3.0    6.0    3.1
2008  1  1   1  0.00  510.0  -25.0  125.0  1.613E+06  6.689E+03  8.139E+01 4.834E-17  729.5   730  5.669E+05  2.365E-02  2.640E+05  3.104E+04   74.2   72.5    4.0    3.0    3.0    4.0    3.0    6.0    3.1
2008  1  1   1  0.00  515.0  -25.0  125.0  1.444E+06  5.512E+03  6.525E+01 4.364E-17  729.5   730  5.515E+05  1.795E-02  2.622E+05  2.818E+04   74.2   72.5    4.0    3.0    3.0    4.0    3.0    6.0    3.1
2008  1  1   1  0.00  520.0  -25.0  125.0  1.293E+06  4.544E+03  5.233E+01 3.942E-17  729.5   730  5.365E+05  1.363E-02  2.604E+05  2.558E+04   74.2   72.5    4.0    3.0    3.0    4.0    3.0    6.0    3.1
2008  1  1   1  0.00  525.0  -25.0  125.0  1.158E+06  3.746E+03  4.198E+01 3.565E-17  729.5   730  5.219E+05  1.035E-02  2.586E+05  2.323E+04   74.2   72.5    4.0    3.0    3.0    4.0    3.0    6.0    3.1
2008  1  1   1  0.00  530.0  -25.0  125.0  1.037E+06  3.090E+03  3.369E+01 3.227E-17  729.5   730  5.077E+05  7.863E-03  2.568E+05  2.110E+04   74.2   72.5    4.0    3.0    3.0    4.0    3.0    6.0    3.1
2008  1  1   1  0.00  535.0  -25.0  125.0  9.295E+05  2.549E+03  2.704E+01 2.923E-17  729.5   730  4.940E+05  5.976E-03  2.550E+05  1.916E+04   74.2   72.5    4.0    3.0    3.0    4.0    3.0    6.0    3.1
2008  1  1   1  0.00  540.0  -25.0  125.0  8.329E+05  2.104E+03  2.171E+01 2.652E-17  729.5   730  4.806E+05  4.544E-03  2.533E+05  1.741E+04   74.2   72.5    4.0    3.0    3.0    4.0    3.0    6.0    3.1
2008  1  1   1  0.00  545.0  -25.0  125.0  7.465E+05  1.736E+03  1.744E+01 2.408E-17  729.5   730  4.676E+05  3.457E-03  2.516E+05  1.581E+04   74.2   72.5    4.0    3.0    3.0    4.0    3.0    6.0    3.1
2008  1  1   1  0.00  550.0  -25.0  125.0  6.691E+05  1.434E+03  1.401E+01 2.189E-17  729.5   730  4.550E+05  2.630E-03  2.498E+05  1.437E+04   74.2   72.5    4.0    3.0    3.0    4.0    3.0    6.0    3.1
2008  1  1   1  0.00  555.0  -25.0  125.0  5.999E+05  1.184E+03  1.126E+01 1.992E-17  729.5   730  4.427E+05  2.003E-03  2.481E+05  1.306E+04   74.2   72.5    4.0    3.0    3.0    4.0    3.0    6.0    3.1
2008  1  1   1  0.00  560.0  -25.0  125.0  5.379E+05  9.783E+02  9.055E+00 1.815E-17  729.5   730  4.308E+05  1.525E-03  2.465E+05  1.187E+04   74.2   72.5    4.0    3.0    3.0    4.0    3.0    6.0    3.1
2008  1  1   1  0.00  565.0  -25.0  125.0  4.824E+05  8.084E+02  7.283E+00 1.657E-17  729.5   730  4.193E+05  1.162E-03  2.448E+05  1.079E+04   74.2   72.5    4.0    3.0    3.0    4.0    3.0    6.0    3.1
2008  1  1   1  0.00  570.0  -25.0  125.0  4.327E+05  6.682E+02  5.859E+00 1.514E-17  729.5   730  4.080E+05  8.856E-04  2.431E+05  9.810E+03   74.2   72.5    4.0    3.0    3.0    4.0    3.0    6.0    3.1
2008  1  1   1  0.00  575.0  -25.0  125.0  3.881E+05  5.525E+02  4.715E+00 1.385E-17  729.5   730  3.971E+05  6.753E-04  2.415E+05  8.921E+03   74.2   72.5    4.0    3.0    3.0    4.0    3.0    6.0    3.1
2008  1  1   1  0.00  580.0  -25.0  125.0  3.482E+05  4.570E+02  3.796E+00 1.269E-17  729.5   730  3.865E+05  5.151E-04  2.399E+05  8.113E+03   74.2   72.5    4.0    3.0    3.0    4.0    3.0    6.0    3.1
2008  1  1   1  0.00  585.0  -25.0  125.0  3.125E+05  3.780E+02  3.057E+00 1.165E-17  729.5   730  3.761E+05  3.931E-04  2.382E+05  7.379E+03   74.2   72.5    4.0    3.0    3.0    4.0    3.0    6.0    3.1
2008  1  1   1  0.00  590.0  -25.0  125.0  2.805E+05  3.128E+02  2.462E+00 1.071E-17  729.5   730  3.661E+05  3.001E-04  2.366E+05  6.712E+03   74.2   72.5    4.0    3.0    3.0    4.0    3.0    6.0    3.1
2008  1  1   1  0.00  595.0  -25.0  125.0  2.518E+05  2.589E+02  1.984E+00 9.862E-18  729.5   730  3.564E+05  2.291E-04  2.350E+05  6.107E+03   74.2   72.5    4.0    3.0    3.0    4.0    3.0    6.0    3.1
2008  1  1   1  0.00  600.0  -25.0  125.0  2.260E+05  2.144E+02  1.599E+00 9.095E-18  729.5   730  3.469E+05  1.751E-04  2.335E+05  5.557E+03   74.2   72.5    4.0    3.0    3.0    4.0    3.0    6.0    3.1
2008  1  1   1  0.00  605.0  -25.0  125.0  2.030E+05  1.776E+02  1.289E+00 8.403E-18  729.5   730  3.377E+05  1.338E-04  2.319E+05  5.057E+03   74.2   72.5    4.0    3.0    3.0    4.0    3.0    6.0    3.1
2008  1  1   1  0.00  610.0  -25.0  125.0  1.823E+05  1.471E+02  1.040E+00 7.777E-18  729.5   730  3.287E+05  1.023E-04  2.303E+05  4.603E+03   74.2   72.5    4.0    3.0    3.0    4.0    3.0    6.0    3.1
2008  1  1   1  0.00  615.0  -25.0  125.0  1.637E+05  1.219E+02  8.389E-01 7.210E-18  729.5   730  3.200E+05  7.824E-05  2.288E+05  4.190E+03   74.2   72.5    4.0    3.0    3.0    4.0    3.0    6.0    3.1
2008  1  1   1  0.00  620.0  -25.0  125.0  1.471E+05  1.010E+02  6.770E-01 6.697E-18  729.5   730  3.115E+05  5.987E-05  2.273E+05  3.814E+03   74.2   72.5    4.0    3.0    3.0    4.0    3.0    6.0    3.1
2008  1  1   1  0.00  625.0  -25.0  125.0  1.321E+05  8.376E+01  5.465E-01 6.231E-18  729.5   730  3.033E+05  4.583E-05  2.258E+05  3.473E+03   74.2   72.5    4.0    3.0    3.0    4.0    3.0    6.0    3.1
2008  1  1   1  0.00  630.0  -25.0  125.0  1.187E+05  6.946E+01  4.413E-01 5.809E-18  729.5   730  2.953E+05  3.509E-05  2.243E+05  3.163E+03   74.2   72.5    4.0    3.0    3.0    4.0    3.0    6.0    3.1
2008  1  1   1  0.00  635.0  -25.0  125.0  1.067E+05  5.762E+01  3.565E-01 5.425E-18  729.5   730  2.875E+05  2.688E-05  2.228E+05  2.881E+03   74.2   72.5    4.0    3.0    3.0    4.0    3.0    6.0    3.1
2008  1  1   1  0.00  640.0  -25.0  125.0  9.593E+04  4.781E+01  2.881E-01 5.076E-18  729.5   730  2.800E+05  2.060E-05  2.213E+05  2.624E+03   74.2   72.5    4.0    3.0    3.0    4.0    3.0    6.0    3.1
2008  1  1   1  0.00  645.0  -25.0  125.0  8.625E+04  3.968E+01  2.328E-01 4.759E-18  729.5   730  2.726E+05  1.579E-05  2.198E+05  2.391E+03   74.2   72.5    4.0    3.0    3.0    4.0    3.0    6.0    3.1
2008  1  1   1  0.00  650.0  -25.0  125.0  7.755E+04  3.294E+01  1.882E-01 4.470E-18  729.5   730  2.655E+05  1.211E-05  2.184E+05  2.178E+03   74.2   72.5    4.0    3.0    3.0    4.0    3.0    6.0    3.1
2008  1  1   1  0.00  655.0  -25.0  125.0  6.974E+04  2.736E+01  1.522E-01 4.206E-18  729.5   730  2.585E+05  9.292E-06  2.169E+05  1.985E+03   74.2   72.5    4.0    3.0    3.0    4.0    3.0    6.0    3.1
2008  1  1   1  0.00  660.0  -25.0  125.0  6.273E+04  2.272E+01  1.232E-01 3.965E-18  729.5   730  2.518E+05  7.132E-06  2.155E+05  1.809E+03   74.2   72.5    4.0    3.0    3.0    4.0    3.0    6.0    3.1
2008  1  1   1  0.00  665.0  -25.0  125.0  5.643E+04  1.888E+01  9.967E-02 3.744E-18  729.5   730  2.452E+05  5.476E-06  2.141E+05  1.649E+03   74.2   72.5    4.0    3.0    3.0    4.0    3.0    6.0    3.1
2008  1  1   1  0.00  670.0  -25.0  125.0  5.077E+04  1.569E+01  8.068E-02 3.542E-18  729.5   730  2.388E+05  4.206E-06  2.127E+05  1.503E+03   74.2   72.5    4.0    3.0    3.0    4.0    3.0    6.0    3.1
2008  1  1   1  0.00  675.0  -25.0  125.0  4.569E+04  1.304E+01  6.533E-02 3.357E-18  729.5   730  2.326E+05  3.232E-06  2.113E+05  1.371E+03   74.2   72.5    4.0    3.0    3.0    4.0    3.0    6.0    3.1
2008  1  1   1  0.00  680.0  -25.0  125.0  4.112E+04  1.085E+01  5.291E-02 3.187E-18  729.5   730  2.265E+05  2.484E-06  2.099E+05  1.250E+03   74.2   72.5    4.0    3.0    3.0    4.0    3.0    6.0    3.1
2008  1  1   1  0.00  685.0  -25.0  125.0  3.701E+04  9.021E+00  4.287E-02 3.031E-18  729.5   730  2.207E+05  1.910E-06  2.085E+05  1.140E+03   74.2   72.5    4.0    3.0    3.0    4.0    3.0    6.0    3.1
2008  1  1   1  0.00  690.0  -25.0  125.0  3.332E+04  7.505E+00  3.475E-02 2.887E-18  729.5   730  2.149E+05  1.469E-06  2.071E+05  1.040E+03   74.2   72.5    4.0    3.0    3.0    4.0    3.0    6.0    3.1
2008  1  1   1  0.00  695.0  -25.0  125.0  3.000E+04  6.246E+00  2.817E-02 2.754E-18  729.5   730  2.094E+05  1.131E-06  2.058E+05  9.484E+02   74.2   72.5    4.0    3.0    3.0    4.0    3.0    6.0    3.1
2008  1  1   1  0.00  700.0  -25.0  125.0  2.702E+04  5.199E+00  2.284E-02 2.631E-18  729.5   730  2.040E+05  8.704E-07  2.044E+05  8.653E+02   74.2   72.5    4.0    3.0    3.0    4.0    3.0    6.0    3.1
2008  1  1   1  0.00  705.0  -25.0  125.0  2.433E+04  4.329E+00  1.853E-02 2.518E-18  729.5   730  1.987E+05  6.703E-07  2.031E+05  7.896E+02   74.2   72.5    4.0    3.0    3.0    4.0    3.0    6.0    3.1
2008  1  1   1  0.00  710.0  -25.0  125.0  2.192E+04  3.605E+00  1.504E-02 2.413E-18  729.5   730  1.936E+05  5.164E-07  2.018E+05  7.205E+02   74.2   72.5    4.0    3.0    3.0    4.0    3.0    6.0    3.1
2008  1  1   1  0.00  715.0  -25.0  125.0  1.975E+04  3.003E+00  1.220E-02 2.315E-18  729.5   730  1.886E+05  3.979E-07  2.005E+05  6.577E+02   74.2   72.5    4.0    3.0    3.0    4.0    3.0    6.0    3.1
2008  1  1   1  0.00  720.0  -25.0  125.0  1.779E+04  2.502E+00  9.909E-03 2.225E-18  729.5   730  1.837E+05  3.068E-07  1.992E+05  6.003E+02   74.2   72.5    4.0    3.0    3.0    4.0    3.0    6.0    3.1
2008  1  1   1  0.00  725.0  -25.0  125.0  1.603E+04  2.086E+00  8.047E-03 2.140E-18  729.5   730  1.790E+05  2.366E-07  1.979E+05  5.481E+02   74.2   72.5    4.0    3.0    3.0    4.0    3.0    6.0    3.1
2008  1  1   1  0.00  730.0  -25.0  125.0  1.445E+04  1.739E+00  6.538E-03 2.061E-18  729.5   730  1.744E+05  1.826E-07  1.966E+05  5.004E+02   74.2   72.5    4.0    3.0    3.0    4.0    3.0    6.0    3.1
2008  1  1   1  0.00  735.0  -25.0  125.0  1.303E+04  1.450E+00  5.313E-03 1.988E-18  729.5   730  1.700E+05  1.409E-07  1.953E+05  4.570E+02   74.2   72.5    4.0    3.0    3.0    4.0    3.0    6.0    3.1
2008  1  1   1  0.00  740.0  -25.0  125.0  1.175E+04  1.209E+00  4.318E-03 1.919E-18  729.5   730  1.656E+05  1.088E-07  1.941E+05  4.174E+02   74.2   72.5    4.0    3.0    3.0    4.0    3.0    6.0    3.1
2008  1  1   1  0.00  745.0  -25.0  125.0  1.059E+04  1.009E+00  3.511E-03 1.854E-18  729.5   730  1.614E+05  8.402E-08  1.928E+05  3.812E+02   74.2   72.5    4.0    3.0    3.0    4.0    3.0    6.0    3.1
