2012  3 30  90  6.00    0.0   19.0   69.0  9.999E-38  1.894E+19  5.080E+18 1.166E-03  299.4   947  1.262E+14  2.264E+17  9.999E-38  9.999E-38  111.2  113.5    4.5    5.0    7.0   12.0    9.0    2.2   20.0
2012  3 30  90  6.00    5.0   19.0   69.0  9.999E-38  1.154E+19  3.095E+18 7.105E-04  270.4   947  7.687E+13  1.379E+17  9.999E-38  9.999E-38  111.2  113.5    4.5    5.0    7.0   12.0    9.0    2.2   20.0
2012  3 30  90  6.00   10.0   19.0   69.0  9.999E-38  6.720E+18  1.802E+18 4.137E-04  238.4   947  4.475E+13  8.031E+16  9.999E-38  9.999E-38  111.2  113.5    4.5    5.0    7.0   12.0    9.0    2.2   20.0
2012  3 30  90  6.00   15.0   19.0   69.0  9.999E-38  3.627E+18  9.726E+17 2.233E-04  203.0   947  2.415E+13  4.335E+16  9.999E-38  9.999E-38  111.2  113.5    4.5    5.0    7.0   12.0    9.0    2.2   20.0
2012  3 30  90  6.00   20.0   19.0   69.0  9.999E-38  1.563E+18  4.191E+17 9.621E-05  201.6   947  1.041E+13  1.868E+16  9.999E-38  9.999E-38  111.2  113.5    4.5    5.0    7.0   12.0    9.0    2.2   20.0
2012  3 30  90  6.00   25.0   19.0   69.0  9.999E-38  6.443E+17  1.728E+17 3.966E-05  218.0   947  4.291E+12  7.700E+15  9.999E-38  9.999E-38  111.2  113.5    4.5    5.0    7.0   12.0    9.0    2.2   20.0
2012  3 30  90  6.00   30.0   19.0   69.0  9.999E-38  2.906E+17  7.792E+16 1.789E-05  226.4   947  1.935E+12  3.473E+15  9.999E-38  9.999E-38  111.2  113.5    4.5    5.0    7.0   12.0    9.0    2.2   20.0
2012  3 30  90  6.00   35.0   19.0   69.0  9.999E-38  1.330E+17  3.566E+16 8.186E-06  239.1   947  8.855E+11  1.589E+15  9.999E-38  9.999E-38  111.2  113.5    4.5    5.0    7.0   12.0    9.0    2.2   20.0
2012  3 30  90  6.00   40.0   19.0   69.0  9.999E-38  6.341E+16  1.700E+16 3.904E-06  252.8   947  4.223E+11  7.579E+14  9.999E-38  9.999E-38  111.2  113.5    4.5    5.0    7.0   12.0    9.0    2.2   20.0
2012  3 30  90  6.00   45.0   19.0   69.0  9.999E-38  3.167E+16  8.492E+15 1.949E-06  264.5   947  2.109E+11  3.785E+14  9.999E-38  9.999E-38  111.2  113.5    4.5    5.0    7.0   12.0    9.0    2.2   20.0
2012  3 30  90  6.00   50.0   19.0   69.0  9.999E-38  1.678E+16  4.498E+15 1.033E-06  265.8   947  1.117E+11  2.005E+14  9.999E-38  9.999E-38  111.2  113.5    4.5    5.0    7.0   12.0    9.0    2.2   20.0
2012  3 30  90  6.00   55.0   19.0   69.0  6.449E+09  9.233E+15  2.476E+15 5.684E-07  253.5   947  6.149E+10  1.103E+14  9.999E-38  9.999E-38  111.2  113.5    4.5    5.0    7.0   12.0    9.0    2.2   20.0
2012  3 30  90  6.00   60.0   19.0   69.0  7.243E+09  4.949E+15  1.327E+15 3.047E-07  239.9   947  3.296E+10  5.915E+13  9.999E-38  9.999E-38  111.2  113.5    4.5    5.0    7.0   12.0    9.0    2.2   20.0
2012  3 30  90  6.00   65.0   19.0   69.0  6.806E+09  2.574E+15  6.902E+14 1.585E-07  224.6   947  1.714E+10  3.076E+13  9.999E-38  9.999E-38  111.2  113.5    4.5    5.0    7.0   12.0    9.0    2.2   20.0
2012  3 30  90  6.00   70.0   19.0   69.0  6.622E+09  1.276E+15  3.422E+14 7.856E-08  210.0   947  8.499E+09  1.525E+13  9.999E-38  9.999E-38  111.2  113.5    4.5    5.0    7.0   12.0    9.0    2.2   20.0
2012  3 30  90  6.00   75.0   19.0   69.0  7.423E+09  5.959E+14  1.598E+14 3.668E-08  198.6   947  3.969E+09  7.122E+12  9.999E-38  9.999E-38  111.2  113.5    4.5    5.0    7.0   12.0    9.0    2.2   20.0
2012  3 30  90  6.00   80.0   19.0   69.0  1.753E+10  2.596E+14  6.962E+13 1.598E-08  195.4   947  1.752E+09  3.103E+12  1.989E+08  9.999E-38  111.2  113.5    4.5    5.0    7.0   12.0    9.0    2.2   20.0
2012  3 30  90  6.00   85.0   19.0   69.0  4.925E+10  1.120E+14  3.003E+13 6.896E-09  192.6   947  7.989E+08  1.338E+12  1.559E+08  9.999E-38  111.2  113.5    4.5    5.0    7.0   12.0    9.0    2.2   20.0
2012  3 30  90  6.00   90.0   19.0   69.0  2.762E+11  4.762E+13  1.271E+13 2.935E-09  190.6   947  3.854E+08  5.632E+11  8.641E+07  9.999E-38  111.2  113.5    4.5    5.0    7.0   12.0    9.0    2.2   20.0
2012  3 30  90  6.00   95.0   19.0   69.0  6.174E+11  2.018E+13  5.286E+12 1.251E-09  189.4   947  2.129E+08  2.298E+11  5.024E+07  1.727E+05  111.2  113.5    4.5    5.0    7.0   12.0    9.0    2.2   20.0
2012  3 30  90  6.00  100.0   19.0   69.0  6.039E+11  8.559E+12  2.136E+12 5.336E-10  188.5   947  1.362E+08  8.833E+10  3.091E+07  3.436E+05  111.2  113.5    4.5    5.0    7.0   12.0    9.0    2.2   20.0
2012  3 30  90  6.00  105.0   19.0   69.0  3.656E+11  3.517E+12  8.107E+11 2.184E-10  196.8   947  9.713E+07  3.063E+10  1.923E+07  6.277E+05  111.2  113.5    4.5    5.0    7.0   12.0    9.0    2.2   20.0
2012  3 30  90  6.00  110.0   19.0   69.0  2.232E+11  1.426E+12  2.978E+11 8.874E-11  224.0   947  7.338E+07  1.016E+10  1.194E+07  1.070E+06  111.2  113.5    4.5    5.0    7.0   12.0    9.0    2.2   20.0
2012  3 30  90  6.00  115.0   19.0   69.0  1.390E+11  6.125E+11  1.154E+11 3.856E-11  270.9   947  5.596E+07  3.568E+09  7.343E+06  1.747E+06  111.2  113.5    4.5    5.0    7.0   12.0    9.0    2.2   20.0
2012  3 30  90  6.00  120.0   19.0   69.0  8.984E+10  2.932E+11  4.994E+10 1.877E-11  331.7   947  4.404E+07  1.412E+09  4.680E+06  2.786E+06  111.2  113.5    4.5    5.0    7.0   12.0    9.0    2.2   20.0
2012  3 30  90  6.00  125.0   19.0   69.0  6.125E+10  1.571E+11  2.438E+10 1.027E-11  399.8   947  3.569E+07  6.354E+08  3.139E+06  4.338E+06  111.2  113.5    4.5    5.0    7.0   12.0    9.0    2.2   20.0
2012  3 30  90  6.00  130.0   19.0   69.0  4.436E+10  9.380E+10  1.338E+10 6.275E-12  463.4   947  3.028E+07  3.250E+08  2.232E+06  6.594E+06  111.2  113.5    4.5    5.0    7.0   12.0    9.0    2.2   20.0
2012  3 30  90  6.00  135.0   19.0   69.0  3.365E+10  6.060E+10  8.001E+09 4.151E-12  519.6   947  2.665E+07  1.824E+08  1.667E+06  9.692E+06  111.2  113.5    4.5    5.0    7.0   12.0    9.0    2.2   20.0
2012  3 30  90  6.00  140.0   19.0   69.0  2.642E+10  4.138E+10  5.086E+09 2.905E-12  569.1   947  2.406E+07  1.093E+08  1.291E+06  1.371E+07  111.2  113.5    4.5    5.0    7.0   12.0    9.0    2.2   20.0
2012  3 30  90  6.00  145.0   19.0   69.0  2.130E+10  2.942E+10  3.385E+09 2.120E-12  612.8   947  2.212E+07  6.873E+07  1.029E+06  1.863E+07  111.2  113.5    4.5    5.0    7.0   12.0    9.0    2.2   20.0
2012  3 30  90  6.00  150.0   19.0   69.0  1.751E+10  2.158E+10  2.336E+09 1.597E-12  651.4   947  2.062E+07  4.495E+07  8.396E+05  2.428E+07  111.2  113.5    4.5    5.0    7.0   12.0    9.0    2.2   20.0
2012  3 30  90  6.00  155.0   19.0   69.0  1.462E+10  1.621E+10  1.658E+09 1.233E-12  685.5   947  1.941E+07  3.031E+07  6.993E+05  3.035E+07  111.2  113.5    4.5    5.0    7.0   12.0    9.0    2.2   20.0
2012  3 30  90  6.00  160.0   19.0   69.0  1.236E+10  1.241E+10  1.205E+09 9.721E-13  715.7   947  1.842E+07  2.096E+07  5.933E+05  3.644E+07  111.2  113.5    4.5    5.0    7.0   12.0    9.0    2.2   20.0
2012  3 30  90  6.00  165.0   19.0   69.0  1.056E+10  9.653E+09  8.933E+08 7.790E-13  742.3   947  1.757E+07  1.478E+07  5.120E+05  4.210E+07  111.2  113.5    4.5    5.0    7.0   12.0    9.0    2.2   20.0
2012  3 30  90  6.00  170.0   19.0   69.0  9.098E+09  7.603E+09  6.729E+08 6.331E-13  765.8   947  1.684E+07  1.061E+07  4.488E+05  4.695E+07  111.2  113.5    4.5    5.0    7.0   12.0    9.0    2.2   20.0
2012  3 30  90  6.00  175.0   19.0   69.0  7.902E+09  6.053E+09  5.139E+08 5.206E-13  786.5   947  1.619E+07  7.717E+06  3.992E+05  5.069E+07  111.2  113.5    4.5    5.0    7.0   12.0    9.0    2.2   20.0
2012  3 30  90  6.00  180.0   19.0   69.0  6.906E+09  4.862E+09  3.972E+08 4.325E-13  804.9   947  1.561E+07  5.681E+06  3.600E+05  5.320E+07  111.2  113.5    4.5    5.0    7.0   12.0    9.0    2.2   20.0
2012  3 30  90  6.00  185.0   19.0   69.0  6.070E+09  3.935E+09  3.100E+08 3.624E-13  821.2   947  1.508E+07  4.225E+06  3.287E+05  5.446E+07  111.2  113.5    4.5    5.0    7.0   12.0    9.0    2.2   20.0
2012  3 30  90  6.00  190.0   19.0   69.0  5.360E+09  3.206E+09  2.441E+08 3.061E-13  835.5   947  1.459E+07  3.170E+06  3.034E+05  5.460E+07  111.2  113.5    4.5    5.0    7.0   12.0    9.0    2.2   20.0
2012  3 30  90  6.00  195.0   19.0   69.0  4.752E+09  2.626E+09  1.936E+08 2.602E-13  848.2   947  1.413E+07  2.395E+06  2.829E+05  5.378E+07  111.2  113.5    4.5    5.0    7.0   12.0    9.0    2.2   20.0
2012  3 30  90  6.00  200.0   19.0   69.0  4.228E+09  2.161E+09  1.545E+08 2.225E-13  859.4   947  1.370E+07  1.822E+06  2.662E+05  5.222E+07  111.2  113.5    4.5    5.0    7.0   12.0    9.0    2.2   20.0
2012  3 30  90  6.00  205.0   19.0   69.0  3.774E+09  1.786E+09  1.240E+08 1.913E-13  869.4   947  1.329E+07  1.393E+06  2.524E+05  5.012E+07  111.2  113.5    4.5    5.0    7.0   12.0    9.0    2.2   20.0
2012  3 30  90  6.00  210.0   19.0   69.0  3.377E+09  1.482E+09  1.000E+08 1.652E-13  878.2   947  1.291E+07  1.071E+06  2.410E+05  4.765E+07  111.2  113.5    4.5    5.0    7.0   12.0    9.0    2.2   20.0
2012  3 30  90  6.00  215.0   19.0   69.0  3.029E+09  1.233E+09  8.097E+07 1.433E-13  886.0   947  1.254E+07  8.263E+05  2.315E+05  4.497E+07  111.2  113.5    4.5    5.0    7.0   12.0    9.0    2.2   20.0
2012  3 30  90  6.00  220.0   19.0   69.0  2.723E+09  1.029E+09  6.578E+07 1.248E-13  892.9   947  1.219E+07  6.400E+05  2.235E+05  4.219E+07  111.2  113.5    4.5    5.0    7.0   12.0    9.0    2.2   20.0
2012  3 30  90  6.00  225.0   19.0   69.0  2.452E+09  8.606E+08  5.361E+07 1.090E-13  899.0   947  1.186E+07  4.973E+05  2.167E+05  3.940E+07  111.2  113.5    4.5    5.0    7.0   12.0    9.0    2.2   20.0
2012  3 30  90  6.00  230.0   19.0   69.0  2.211E+09  7.215E+08  4.381E+07 9.559E-14  904.4   947  1.154E+07  3.876E+05  2.109E+05  3.667E+07  111.2  113.5    4.5    5.0    7.0   12.0    9.0    2.2   20.0
2012  3 30  90  6.00  235.0   19.0   69.0  1.997E+09  6.060E+08  3.589E+07 8.403E-14  909.2   947  1.123E+07  3.028E+05  2.059E+05  3.404E+07  111.2  113.5    4.5    5.0    7.0   12.0    9.0    2.2   20.0
2012  3 30  90  6.00  240.0   19.0   69.0  1.806E+09  5.098E+08  2.946E+07 7.408E-14  913.4   947  1.093E+07  2.371E+05  2.016E+05  3.153E+07  111.2  113.5    4.5    5.0    7.0   12.0    9.0    2.2   20.0
2012  3 30  90  6.00  245.0   19.0   69.0  1.635E+09  4.296E+08  2.422E+07 6.546E-14  917.2   947  1.065E+07  1.860E+05  1.978E+05  2.917E+07  111.2  113.5    4.5    5.0    7.0   12.0    9.0    2.2   20.0
2012  3 30  90  6.00  250.0   19.0   69.0  1.481E+09  3.625E+08  1.995E+07 5.798E-14  920.5   947  1.038E+07  1.462E+05  1.945E+05  2.695E+07  111.2  113.5    4.5    5.0    7.0   12.0    9.0    2.2   20.0
2012  3 30  90  6.00  255.0   19.0   69.0  1.343E+09  3.063E+08  1.646E+07 5.147E-14  923.4   947  1.012E+07  1.151E+05  1.916E+05  2.489E+07  111.2  113.5    4.5    5.0    7.0   12.0    9.0    2.2   20.0
2012  3 30  90  6.00  260.0   19.0   69.0  1.219E+09  2.591E+08  1.360E+07 4.578E-14  926.1   947  9.864E+06  9.077E+04  1.889E+05  2.297E+07  111.2  113.5    4.5    5.0    7.0   12.0    9.0    2.2   20.0
2012  3 30  90  6.00  265.0   19.0   69.0  1.108E+09  2.194E+08  1.124E+07 4.079E-14  928.4   947  9.620E+06  7.166E+04  1.866E+05  2.119E+07  111.2  113.5    4.5    5.0    7.0   12.0    9.0    2.2   20.0
2012  3 30  90  6.00  270.0   19.0   69.0  1.007E+09  1.859E+08  9.307E+06 3.641E-14  930.4   947  9.384E+06  5.664E+04  1.844E+05  1.954E+07  111.2  113.5    4.5    5.0    7.0   12.0    9.0    2.2   20.0
2012  3 30  90  6.00  275.0   19.0   69.0  9.157E+08  1.577E+08  7.712E+06 3.255E-14  932.3   947  9.156E+06  4.482E+04  1.824E+05  1.802E+07  111.2  113.5    4.5    5.0    7.0   12.0    9.0    2.2   20.0
2012  3 30  90  6.00  280.0   19.0   69.0  8.332E+08  1.338E+08  6.396E+06 2.915E-14  933.9   947  8.935E+06  3.551E+04  1.806E+05  1.662E+07  111.2  113.5    4.5    5.0    7.0   12.0    9.0    2.2   20.0
2012  3 30  90  6.00  285.0   19.0   69.0  7.586E+08  1.137E+08  5.309E+06 2.614E-14  935.3   947  8.721E+06  2.815E+04  1.789E+05  1.533E+07  111.2  113.5    4.5    5.0    7.0   12.0    9.0    2.2   20.0
2012  3 30  90  6.00  290.0   19.0   69.0  6.909E+08  9.663E+07  4.410E+06 2.347E-14  936.6   947  8.514E+06  2.234E+04  1.774E+05  1.414E+07  111.2  113.5    4.5    5.0    7.0   12.0    9.0    2.2   20.0
2012  3 30  90  6.00  295.0   19.0   69.0  6.296E+08  8.218E+07  3.666E+06 2.110E-14  937.7   947  8.313E+06  1.774E+04  1.759E+05  1.305E+07  111.2  113.5    4.5    5.0    7.0   12.0    9.0    2.2   20.0
2012  3 30  90  6.00  300.0   19.0   69.0  5.739E+08  6.994E+07  3.049E+06 1.900E-14  938.7   947  8.118E+06  1.410E+04  1.745E+05  1.204E+07  111.2  113.5    4.5    5.0    7.0   12.0    9.0    2.2   20.0